1 0
3 0
4 2
6 0
6 1
6 3
7 0
7 1
7 2
7 3
7 6
8 0
8 1
8 2
8 3
8 6
9 0
9 1
9 5
9 8
10 1
10 2
10 3
10 8
11 10
12 0
12 1
12 2
12 3
12 4
12 5
12 6
12 7
12 8
12 9
12 10
12 11
13 0
13 1
13 2
13 4
14 0
14 2
14 3
14 6
14 8
14 12
14 13
15 0
15 10
15 12
16 5
16 12
17 0
17 1
17 2
17 3
17 4
17 6
17 7
17 8
17 9
17 12
17 13
17 14
17 15
17 16
18 4
18 12
18 17
19 0
19 1
19 2
19 3
19 4
19 5
19 6
19 7
19 8
19 9
19 13
19 14
19 15
19 17
19 18
20 1
20 2
20 4
20 11
20 12
20 15
20 16
20 17
20 18
21 0
21 1
21 2
21 3
21 5
21 6
21 7
21 8
21 12
21 13
21 14
21 16
21 17
21 18
21 19
22 0
22 5
22 7
22 14
22 16
22 19
22 21
23 0
23 5
23 12
23 16
23 19
23 21
23 22
24 0
24 2
24 7
24 8
24 12
24 13
24 14
24 21
24 22
25 0
25 1
25 7
25 9
25 10
25 11
25 12
25 13
25 16
25 24
26 0
26 2
26 3
26 4
26 6
26 7
26 8
26 12
26 14
26 20
26 21
26 24
26 25
27 1
27 2
27 6
27 9
27 13
27 24
27 25
28 0
28 1
28 2
28 3
28 6
28 7
28 8
28 9
28 12
28 13
28 14
28 15
28 17
28 18
28 19
28 21
28 22
28 23
28 24
28 26
28 27
29 1
29 2
29 3
29 10
29 11
29 12
29 16
29 20
29 23
29 28
30 0
30 1
30 2
30 4
30 5
30 6
30 7
30 8
30 9
30 10
30 11
30 13
30 14
30 16
30 18
30 19
30 21
30 22
30 23
30 27
30 29
31 0
31 1
31 2
31 3
31 5
31 6
31 7
31 8
31 9
31 13
31 14
31 17
31 18
31 21
31 22
31 23
31 24
31 27
31 30
32 0
32 1
32 6
32 7
32 8
32 9
32 30
33 0
33 3
33 5
33 6
33 7
33 8
33 10
33 11
33 13
33 14
33 21
33 22
33 27
33 30
33 31
34 0
34 5
34 7
34 12
34 13
34 14
34 21
34 22
34 23
34 24
34 26
34 27
34 33
35 6
35 7
35 12
35 18
35 20
35 21
35 28
35 29
35 33
36 1
36 2
36 4
36 5
36 6
36 7
36 8
36 10
36 11
36 14
36 16
36 17
36 18
36 19
36 24
36 25
36 26
36 29
36 30
36 31
36 32
36 34
37 0
37 1
37 2
37 4
37 5
37 6
37 7
37 8
37 10
37 11
37 12
37 13
37 14
37 16
37 17
37 18
37 19
37 20
37 22
37 24
37 25
37 26
37 27
37 28
37 29
37 30
37 33
37 34
37 35
38 3
38 4
38 5
38 6
38 7
38 8
38 13
38 14
38 16
38 19
38 21
38 23
38 26
38 27
38 28
38 30
38 31
38 35
38 36
38 37
39 4
39 5
39 9
39 11
39 13
39 14
39 15
39 16
39 17
39 18
39 24
39 25
39 28
39 29
39 36
39 37
39 38
40 0
40 3
40 4
40 5
40 6
40 8
40 12
40 13
40 16
40 21
40 22
40 23
40 24
40 25
40 26
40 28
40 29
40 31
40 33
40 34
40 36
40 37
40 39
41 0
41 1
41 2
41 3
41 5
41 6
41 7
41 8
41 12
41 13
41 14
41 15
41 16
41 17
41 18
41 19
41 21
41 22
41 23
41 27
41 28
41 30
41 31
41 32
41 33
41 34
41 35
41 36
41 37
41 38
41 39
42 0
42 1
42 2
42 3
42 4
42 6
42 7
42 8
42 9
42 10
42 11
42 12
42 14
42 15
42 16
42 17
42 18
42 19
42 20
42 21
42 24
42 25
42 26
42 29
42 30
42 31
42 32
42 33
42 34
42 35
42 36
42 37
42 38
42 40
42 41
43 1
43 2
43 3
43 5
43 6
43 7
43 8
43 12
43 13
43 15
43 16
43 21
43 22
43 23
43 26
43 27
43 28
43 29
43 34
43 35
43 37
43 39
43 40
43 42
44 0
44 1
44 2
44 4
44 5
44 6
44 7
44 8
44 10
44 11
44 13
44 14
44 16
44 18
44 19
44 21
44 22
44 23
44 27
44 28
44 30
44 31
44 32
44 33
44 34
44 35
44 36
44 37
44 38
44 39
44 40
44 41
44 43
45 2
45 3
45 4
45 5
45 8
45 10
45 11
45 12
45 13
45 14
45 17
45 18
45 19
45 21
45 23
45 24
45 25
45 27
45 28
45 29
45 30
45 37
45 38
45 39
45 40
45 41
45 42
45 44
46 0
46 1
46 2
46 3
46 4
46 6
46 7
46 8
46 10
46 11
46 12
46 13
46 14
46 15
46 17
46 18
46 19
46 21
46 22
46 23
46 24
46 25
46 26
46 27
46 30
46 33
46 34
46 35
46 37
46 39
46 40
46 42
46 43
46 45
47 4
47 13
47 20
47 24
47 25
47 26
47 29
47 30
47 31
47 32
47 36
47 40
47 45
47 46
48 2
48 4
48 5
48 9
48 10
48 11
48 16
48 20
48 22
48 24
48 28
48 29
48 31
48 33
48 34
48 39
48 40
48 41
48 44
48 46
48 47
49 10
49 11
49 12
49 15
49 22
49 24
49 29
49 31
49 32
49 33
49 34
49 36
49 37
49 38
49 40
49 44
49 46
49 47
50 4
50 8
50 18
50 22
50 24
50 25
50 27
50 33
50 38
50 39
50 42
50 43
50 44
50 48
50 49
51 0
51 2
51 3
51 4
51 6
51 7
51 8
51 9
51 10
51 11
51 12
51 13
51 14
51 16
51 17
51 18
51 19
51 20
51 21
51 22
51 23
51 24
51 25
51 26
51 27
51 28
51 29
51 30
51 31
51 32
51 33
51 34
51 35
51 36
51 37
51 38
51 39
51 40
51 41
51 42
51 44
51 45
51 46
51 47
51 48
51 49
52 0
52 1
52 2
52 3
52 4
52 5
52 6
52 7
52 8
52 12
52 13
52 16
52 21
52 22
52 23
52 24
52 25
52 26
52 27
52 28
52 30
52 32
52 33
52 34
52 35
52 37
52 38
52 39
52 40
52 41
52 45
52 46
52 49
52 50
53 2
53 3
53 6
53 7
53 8
53 9
53 15
53 21
53 22
53 26
53 27
53 30
53 34
53 35
53 37
53 38
53 40
53 44
53 45
53 47
53 48
53 49
54 10
54 11
54 12
54 18
54 19
54 20
54 21
54 28
54 29
54 32
54 37
54 38
54 39
54 40
54 50
54 51
55 4
55 6
55 7
55 9
55 10
55 11
55 12
55 15
55 20
55 22
55 24
55 25
55 26
55 28
55 29
55 30
55 31
55 32
55 33
55 35
55 37
55 38
55 39
55 40
55 41
55 42
55 44
55 45
55 46
55 47
55 50
55 53
55 54
56 0
56 6
56 7
56 8
56 9
56 12
56 13
56 15
56 17
56 18
56 19
56 20
56 29
56 30
56 33
56 34
56 40
56 45
56 46
56 50
56 51
56 52
57 1
57 2
57 3
57 4
57 5
57 6
57 7
57 9
57 10
57 11
57 12
57 14
57 15
57 16
57 17
57 18
57 19
57 21
57 22
57 23
57 27
57 28
57 29
57 30
57 31
57 32
57 33
57 34
57 35
57 36
57 38
57 41
57 44
57 45
57 46
57 47
57 48
57 49
57 53
57 54
57 55
57 56
58 0
58 1
58 3
58 6
58 7
58 8
58 12
58 13
58 14
58 17
58 18
58 19
58 21
58 23
58 24
58 25
58 27
58 28
58 30
58 35
58 37
58 39
58 40
58 41
58 43
58 45
58 46
58 47
58 48
58 49
58 51
58 52
58 53
58 54
58 57
59 1
59 2
59 4
59 6
59 7
59 8
59 24
59 33
59 34
59 37
59 39
59 40
59 43
59 45
59 46
59 47
59 50
59 52
59 57
60 2
60 4
60 6
60 8
60 9
60 12
60 13
60 14
60 17
60 18
60 19
60 21
60 22
60 24
60 26
60 28
60 30
60 33
60 34
60 35
60 36
60 37
60 38
60 40
60 42
60 43
60 45
60 46
60 48
60 49
60 52
60 58
60 59
61 0
61 4
61 5
61 7
61 8
61 11
61 12
61 13
61 14
61 15
61 17
61 18
61 19
61 21
61 26
61 27
61 28
61 29
61 31
61 32
61 33
61 34
61 36
61 37
61 38
61 39
61 40
61 41
61 42
61 44
61 50
61 51
61 54
61 57
61 58
61 59
61 60
62 1
62 2
62 3
62 4
62 5
62 7
62 8
62 10
62 11
62 12
62 13
62 14
62 15
62 16
62 17
62 18
62 19
62 20
62 23
62 24
62 25
62 26
62 28
62 29
62 30
62 31
62 32
62 36
62 37
62 38
62 39
62 40
62 41
62 44
62 45
62 46
62 47
62 48
62 50
62 59
62 60
62 61
63 0
63 3
63 6
63 7
63 8
63 10
63 11
63 14
63 21
63 23
63 25
63 27
63 28
63 30
63 35
63 39
63 48
63 49
63 50
63 53
63 54
63 55
63 57
63 58
64 1
64 2
64 3
64 4
64 5
64 10
64 11
64 12
64 13
64 14
64 15
64 16
64 20
64 23
64 24
64 26
64 27
64 28
64 29
64 30
64 35
64 36
64 37
64 38
64 39
64 40
64 41
64 42
64 43
64 44
64 45
64 46
64 47
64 48
64 49
64 53
64 54
64 55
64 57
64 58
64 59
64 60
64 61
64 62
65 0
65 1
65 2
65 3
65 4
65 6
65 7
65 8
65 9
65 10
65 11
65 12
65 13
65 14
65 15
65 16
65 17
65 18
65 19
65 20
65 21
65 22
65 23
65 24
65 26
65 27
65 28
65 29
65 30
65 31
65 32
65 33
65 34
65 35
65 36
65 37
65 38
65 39
65 40
65 41
65 42
65 43
65 44
65 45
65 46
65 47
65 48
65 49
65 50
65 51
65 52
65 53
65 54
65 55
65 56
65 57
65 58
65 60
65 61
65 62
65 63
65 64
66 1
66 2
66 5
66 6
66 7
66 8
66 10
66 11
66 15
66 16
66 18
66 19
66 20
66 23
66 24
66 25
66 26
66 29
66 30
66 31
66 34
66 36
66 40
66 41
66 43
66 44
66 45
66 46
66 47
66 48
66 52
66 57
66 59
66 60
66 62
67 9
67 13
67 14
67 15
67 17
67 29
67 32
67 38
67 42
67 44
67 54
67 55
67 56
67 65
68 4
68 10
68 17
68 18
68 19
68 20
68 21
68 22
68 24
68 26
68 27
68 34
68 38
68 40
68 41
68 45
68 46
68 47
68 49
68 50
68 58
68 65
69 0
69 1
69 2
69 7
69 9
69 11
69 13
69 14
69 15
69 22
69 24
69 26
69 29
69 30
69 33
69 34
69 35
69 38
69 40
69 44
69 46
69 47
69 52
69 53
69 57
69 62
69 64
70 0
70 1
70 2
70 4
70 10
70 11
70 12
70 17
70 18
70 20
70 22
70 23
70 27
70 28
70 29
70 33
70 34
70 35
70 37
70 38
70 39
70 42
70 45
70 46
70 47
70 49
70 50
70 51
70 58
70 59
70 60
70 61
70 62
70 64
70 66
70 68
71 1
71 2
71 4
71 5
71 6
71 7
71 9
71 10
71 11
71 12
71 13
71 14
71 15
71 17
71 18
71 19
71 20
71 24
71 25
71 26
71 29
71 30
71 36
71 37
71 39
71 40
71 42
71 43
71 45
71 46
71 47
71 51
71 52
71 56
71 57
71 62
71 64
71 65
71 66
71 69
71 70
72 4
72 5
72 6
72 7
72 8
72 10
72 11
72 12
72 13
72 14
72 15
72 20
72 29
72 31
72 32
72 33
72 36
72 39
72 41
72 42
72 44
72 50
72 51
72 52
72 57
72 63
72 64
72 66
72 70
72 71
73 0
73 2
73 6
73 7
73 8
73 10
73 11
73 13
73 20
73 28
73 31
73 32
73 36
73 37
73 41
73 44
73 48
73 53
73 59
73 63
73 66
74 0
74 3
74 4
74 5
74 9
74 10
74 11
74 12
74 15
74 16
74 20
74 21
74 22
74 23
74 27
74 28
74 29
74 31
74 32
74 33
74 36
74 38
74 41
74 44
74 49
74 53
74 55
74 56
74 58
74 61
74 63
74 66
74 67
74 69
74 70
74 71
74 72
74 73
75 0
75 1
75 2
75 6
75 7
75 8
75 13
75 15
75 17
75 18
75 19
75 21
75 22
75 27
75 29
75 30
75 31
75 32
75 33
75 35
75 36
75 39
75 44
75 45
75 46
75 48
75 49
75 50
75 52
75 53
75 57
75 62
75 63
75 66
75 72
75 73
76 0
76 1
76 2
76 3
76 4
76 5
76 9
76 10
76 11
76 12
76 16
76 17
76 18
76 20
76 21
76 23
76 27
76 28
76 29
76 31
76 32
76 36
76 38
76 39
76 41
76 43
76 44
76 54
76 55
76 56
76 62
76 63
76 64
76 66
76 67
76 69
76 73
76 74
77 1
77 2
77 4
77 5
77 6
77 7
77 8
77 9
77 10
77 11
77 12
77 13
77 14
77 16
77 17
77 18
77 19
77 20
77 21
77 23
77 27
77 28
77 29
77 31
77 32
77 36
77 37
77 38
77 39
77 41
77 42
77 44
77 49
77 50
77 51
77 54
77 55
77 57
77 62
77 63
77 64
77 65
77 69
77 70
77 71
77 73
77 74
77 76
78 3
78 14
78 15
78 19
78 27
78 28
78 38
78 44
78 49
78 53
78 54
78 55
78 59
78 60
78 61
78 63
79 3
79 5
79 6
79 8
79 14
79 15
79 23
79 24
79 28
79 41
79 43
79 50
79 51
79 76
80 12
80 15
80 21
80 22
80 28
80 37
80 38
80 42
80 44
80 50
80 51
80 58
80 59
80 60
80 61
80 65
80 68
80 69
80 75
81 0
81 3
81 4
81 6
81 7
81 8
81 9
81 10
81 11
81 13
81 14
81 15
81 27
81 28
81 29
81 30
81 32
81 33
81 34
81 35
81 36
81 37
81 38
81 40
81 43
81 44
81 45
81 47
81 48
81 49
81 53
81 54
81 55
81 57
81 58
81 61
81 63
81 70
81 72
81 73
81 74
81 75
81 76
82 0
82 1
82 2
82 3
82 4
82 6
82 7
82 8
82 9
82 10
82 11
82 12
82 14
82 15
82 17
82 18
82 19
82 24
82 25
82 26
82 33
82 34
82 35
82 36
82 39
82 40
82 43
82 45
82 46
82 47
82 48
82 50
82 52
82 55
82 56
82 57
82 62
82 66
82 69
82 70
82 77
83 1
83 3
83 6
83 7
83 8
83 10
83 11
83 13
83 14
83 20
83 21
83 23
83 30
83 35
83 39
83 43
83 48
83 50
83 52
83 54
83 60
83 62
83 64
83 81
84 18
84 24
84 40
84 45
84 59
84 60
84 61
84 71
85 2
85 4
85 8
85 10
85 11
85 12
85 15
85 17
85 19
85 28
85 29
85 31
85 37
85 38
85 39
85 41
85 42
85 44
85 54
85 59
85 60
85 61
85 64
85 65
85 70
85 72
85 73
85 78
85 83
85 84
86 0
86 3
86 4
86 5
86 9
86 10
86 11
86 12
86 13
86 14
86 16
86 20
86 22
86 23
86 26
86 27
86 28
86 31
86 32
86 33
86 34
86 37
86 38
86 39
86 40
86 41
86 42
86 43
86 44
86 45
86 46
86 47
86 49
86 50
86 53
86 54
86 55
86 56
86 58
86 59
86 60
86 61
86 62
86 63
86 64
86 65
86 66
86 67
86 68
86 69
86 70
86 74
86 76
86 77
86 80
86 81
86 82
86 83
86 84
86 85
87 5
87 6
87 7
87 8
87 12
87 13
87 14
87 15
87 16
87 17
87 18
87 19
87 21
87 24
87 26
87 35
87 37
87 41
87 42
87 51
87 52
87 57
87 60
87 65
87 66
87 69
87 70
87 72
87 75
87 80
88 0
88 5
88 6
88 7
88 8
88 13
88 15
88 17
88 18
88 19
88 21
88 24
88 25
88 26
88 27
88 28
88 30
88 32
88 33
88 34
88 35
88 37
88 38
88 39
88 45
88 46
88 47
88 48
88 49
88 54
88 55
88 58
88 59
88 60
88 61
88 63
88 64
88 68
88 72
88 73
88 74
88 75
88 76
88 78
88 81
88 82
88 83
88 86
89 6
89 11
89 19
89 21
89 22
89 27
89 31
89 46
89 49
89 78
90 5
90 6
90 7
90 8
90 14
90 17
90 18
90 19
90 24
90 25
90 26
90 28
90 30
90 34
90 35
90 37
90 45
90 46
90 48
90 53
90 54
90 57
90 59
90 60
90 61
90 64
90 66
90 68
90 73
90 74
90 75
90 76
90 81
90 87
90 88
90 89
91 4
91 6
91 10
91 11
91 12
91 14
91 15
91 16
91 18
91 19
91 23
91 28
91 29
91 30
91 31
91 32
91 36
91 37
91 38
91 39
91 41
91 43
91 44
91 45
91 48
91 50
91 53
91 57
91 59
91 60
91 61
91 63
91 66
91 73
91 74
91 76
91 80
91 83
91 89
92 1
92 2
92 3
92 4
92 5
92 6
92 7
92 8
92 10
92 11
92 12
92 13
92 14
92 15
92 17
92 18
92 19
92 20
92 21
92 22
92 23
92 24
92 25
92 26
92 28
92 29
92 30
92 31
92 32
92 33
92 34
92 35
92 36
92 37
92 38
92 39
92 40
92 41
92 42
92 43
92 44
92 45
92 46
92 47
92 48
92 49
92 50
92 52
92 53
92 54
92 55
92 57
92 58
92 59
92 60
92 62
92 64
92 66
92 68
92 70
92 71
92 72
92 73
92 74
92 75
92 76
92 78
92 79
92 80
92 82
92 83
92 86
92 87
92 88
92 89
92 90
92 91
93 0
93 2
93 3
93 4
93 5
93 7
93 9
93 11
93 12
93 13
93 14
93 16
93 20
93 23
93 24
93 25
93 26
93 27
93 28
93 30
93 31
93 33
93 34
93 37
93 39
93 40
93 41
93 42
93 43
93 44
93 45
93 46
93 47
93 48
93 50
93 51
93 55
93 59
93 60
93 61
93 64
93 65
93 66
93 69
93 70
93 71
93 72
93 73
93 74
93 75
93 76
93 77
93 80
93 81
93 87
93 90
93 91
94 0
94 1
94 2
94 3
94 5
94 6
94 7
94 8
94 9
94 12
94 15
94 16
94 17
94 18
94 19
94 21
94 22
94 23
94 26
94 27
94 28
94 29
94 30
94 31
94 32
94 33
94 35
94 36
94 37
94 38
94 39
94 40
94 42
94 44
94 45
94 47
94 48
94 49
94 50
94 51
94 52
94 53
94 54
94 55
94 56
94 57
94 58
94 59
94 60
94 61
94 62
94 63
94 64
94 65
94 66
94 67
94 68
94 69
94 70
94 71
94 72
94 74
94 75
94 76
94 77
94 78
94 79
94 81
94 82
94 83
94 84
94 85
94 86
94 88
94 89
94 90
95 0
95 1
95 3
95 4
95 6
95 7
95 8
95 9
95 10
95 11
95 12
95 13
95 14
95 15
95 16
95 17
95 18
95 19
95 20
95 21
95 24
95 25
95 26
95 27
95 28
95 29
95 30
95 31
95 32
95 33
95 34
95 35
95 36
95 37
95 38
95 39
95 41
95 42
95 43
95 44
95 45
95 46
95 47
95 48
95 49
95 50
95 51
95 52
95 53
95 54
95 56
95 57
95 58
95 59
95 60
95 61
95 62
95 63
95 64
95 65
95 66
95 67
95 68
95 69
95 70
95 71
95 73
95 74
95 75
95 77
95 78
95 79
95 82
95 83
95 84
95 85
95 88
95 89
95 90
95 91
95 92
95 93
95 94
96 3
96 5
96 9
96 14
96 23
96 28
96 32
96 33
96 37
96 38
96 39
96 41
96 44
96 56
96 63
96 64
96 67
96 74
96 76
96 77
96 82
96 84
96 85
96 87
97 0
97 4
97 5
97 23
97 28
97 31
97 32
97 38
97 41
97 44
97 56
97 63
97 64
97 66
97 73
97 74
97 76
97 77
97 79
97 82
97 83
97 84
97 87
97 96
98 4
98 5
98 11
98 15
98 16
98 17
98 18
98 20
98 23
98 28
98 29
98 32
98 34
98 38
98 40
98 41
98 44
98 59
98 60
98 61
98 63
98 70
98 71
98 72
98 73
98 74
98 75
98 76
98 78
98 80
98 83
98 86
98 87
98 90
98 91
98 96
98 97
99 0
99 5
99 9
99 15
99 27
99 29
99 32
99 36
99 38
99 41
99 42
99 44
99 55
99 56
99 63
99 64
99 65
99 67
99 69
99 73
99 74
99 75
99 77
99 82
99 83
99 84
99 85
99 86
99 89
99 98
100 0
100 1
100 2
100 3
100 4
100 5
100 7
100 11
100 13
100 14
100 16
100 17
100 18
100 19
100 20
100 21
100 22
100 23
100 24
100 25
100 26
100 27
100 30
100 31
100 33
100 34
100 35
100 36
100 40
100 41
100 43
100 45
100 46
100 47
100 48
100 49
100 51
100 53
100 57
100 58
100 62
100 65
100 66
100 68
100 69
100 70
100 71
100 72
100 73
100 74
100 75
100 76
100 78
100 79
100 80
100 81
100 83
100 86
100 87
100 88
100 90
100 91
100 92
100 93
100 94
100 95
100 96
100 97
101 0
101 1
101 2
101 4
101 6
101 7
101 9
101 10
101 11
101 13
101 14
101 15
101 16
101 17
101 20
101 23
101 24
101 25
101 27
101 29
101 32
101 34
101 37
101 39
101 42
101 44
101 45
101 46
101 49
101 50
101 51
101 53
101 56
101 65
101 67
101 69
101 70
101 71
101 72
101 73
101 74
101 75
101 76
101 77
101 80
101 82
101 83
101 84
101 85
101 94
101 96
101 98
101 99
102 0
102 1
102 2
102 3
102 4
102 5
102 6
102 7
102 8
102 10
102 11
102 13
102 15
102 16
102 18
102 19
102 20
102 21
102 22
102 23
102 24
102 25
102 26
102 27
102 28
102 29
102 30
102 31
102 32
102 33
102 34
102 36
102 39
102 40
102 42
102 43
102 44
102 45
102 46
102 47
102 48
102 49
102 50
102 51
102 53
102 57
102 58
102 60
102 62
102 66
102 68
102 69
102 70
102 71
102 72
102 73
102 74
102 75
102 76
102 78
102 79
102 81
102 83
102 86
102 90
102 91
102 92
102 93
102 94
102 95
102 98
102 99
102 101
103 1
103 2
103 3
103 4
103 5
103 6
103 7
103 8
103 10
103 11
103 13
103 14
103 19
103 20
103 21
103 29
103 30
103 31
103 34
103 36
103 38
103 42
103 43
103 44
103 45
103 46
103 48
103 49
103 50
103 51
103 52
103 56
103 57
103 58
103 59
103 60
103 61
103 62
103 64
103 65
103 66
103 68
103 71
103 73
103 74
103 75
103 76
103 78
103 79
103 81
103 83
103 88
103 89
103 90
103 91
103 92
103 94
103 95
103 100
103 101
103 102
104 1
104 2
104 5
104 8
104 9
104 17
104 18
104 19
104 24
104 25
104 26
104 28
104 31
104 36
104 37
104 38
104 40
104 45
104 51
104 59
104 60
104 61
104 64
104 65
104 66
104 67
104 69
104 70
104 71
104 72
104 73
104 75
104 77
104 79
104 82
104 84
104 85
104 86
104 88
104 89
104 90
104 92
104 93
104 98
104 99
104 101
105 2
105 5
105 6
105 8
105 11
105 21
105 30
105 31
105 35
105 36
105 39
105 41
105 43
105 46
105 48
105 49
105 52
105 55
105 57
105 58
105 62
105 64
105 65
105 66
105 68
105 69
105 71
105 74
105 76
105 77
105 79
105 86
105 94
105 97
105 100
105 102
105 103
106 0
106 1
106 2
106 3
106 6
106 7
106 8
106 14
106 15
106 16
106 17
106 18
106 19
106 26
106 28
106 30
106 33
106 36
106 37
106 38
106 39
106 40
106 43
106 45
106 46
106 47
106 48
106 49
106 50
106 51
106 52
106 53
106 56
106 57
106 59
106 60
106 61
106 62
106 64
106 65
106 66
106 68
106 69
106 72
106 73
106 76
106 77
106 79
106 81
106 82
106 85
106 88
106 90
106 91
106 93
106 95
106 100
106 101
106 102
106 103
106 104
106 105
107 0
107 6
107 9
107 12
107 15
107 18
107 20
107 29
107 45
107 50
107 54
107 55
107 56
107 57
107 59
107 60
107 61
107 64
107 65
107 66
107 68
107 69
107 70
107 71
107 72
107 73
107 75
107 83
107 88
107 89
107 90
107 91
107 98
107 99
107 101
107 103
107 104
108 4
108 15
108 19
108 20
108 29
108 30
108 32
108 35
108 36
108 39
108 44
108 54
108 55
108 63
108 64
108 70
108 71
108 72
108 74
108 75
108 81
108 83
108 98
108 99
108 102
108 103
108 106
109 0
109 1
109 2
109 4
109 6
109 7
109 8
109 9
109 12
109 13
109 14
109 15
109 17
109 18
109 19
109 26
109 27
109 28
109 30
109 32
109 33
109 34
109 35
109 36
109 38
109 39
109 40
109 41
109 43
109 44
109 45
109 46
109 47
109 48
109 49
109 53
109 54
109 55
109 56
109 57
109 59
109 60
109 61
109 62
109 63
109 64
109 66
109 67
109 69
109 70
109 71
109 72
109 73
109 74
109 75
109 76
109 77
109 78
109 79
109 81
109 82
109 83
109 84
109 85
109 86
109 89
109 90
109 91
109 92
109 93
109 94
109 95
109 98
109 99
109 101
109 102
109 103
109 104
109 105
109 106
109 107
109 108
110 0
110 1
110 3
110 6
110 8
110 9
110 10
110 11
110 13
110 14
110 15
110 19
110 20
110 22
110 28
110 29
110 30
110 31
110 32
110 33
110 35
110 36
110 38
110 39
110 43
110 44
110 45
110 46
110 48
110 50
110 52
110 55
110 56
110 61
110 62
110 63
110 64
110 65
110 66
110 67
110 69
110 73
110 74
110 76
110 78
110 81
110 82
110 83
110 84
110 85
110 86
110 88
110 89
110 94
110 95
110 99
110 101
110 102
110 103
110 105
110 106
110 107
110 108
110 109
111 0
111 1
111 2
111 3
111 6
111 7
111 8
111 12
111 13
111 14
111 16
111 19
111 21
111 22
111 23
111 27
111 30
111 33
111 35
111 37
111 39
111 43
111 45
111 46
111 48
111 49
111 50
111 51
111 52
111 53
111 54
111 57
111 58
111 62
111 66
111 68
111 73
111 76
111 78
111 79
111 81
111 86
111 95
111 100
111 102
111 105
111 110
112 0
112 1
112 3
112 6
112 9
112 10
112 11
112 13
112 14
112 17
112 18
112 19
112 21
112 26
112 27
112 28
112 29
112 30
112 31
112 32
112 34
112 35
112 36
112 37
112 38
112 39
112 43
112 44
112 45
112 48
112 50
112 53
112 54
112 55
112 56
112 57
112 59
112 61
112 62
112 63
112 64
112 65
112 66
112 67
112 69
112 77
112 78
112 81
112 82
112 83
112 84
112 85
112 94
112 99
112 101
112 102
112 103
112 104
112 110
113 0
113 3
113 6
113 8
113 10
113 11
113 12
113 13
113 14
113 22
113 23
113 27
113 28
113 29
113 30
113 31
113 32
113 33
113 36
113 43
113 44
113 48
113 49
113 50
113 53
113 59
113 60
113 62
113 73
113 74
113 76
113 79
113 81
113 83
113 86
113 93
113 100
113 102
113 104
113 105
113 106
113 110
113 111
113 112
114 5
114 12
114 13
114 14
114 16
114 21
114 22
114 23
114 24
114 26
114 28
114 33
114 34
114 37
114 38
114 39
114 40
114 41
114 43
114 44
114 45
114 46
114 47
114 49
114 50
114 58
114 59
114 61
114 62
114 68
114 73
114 74
114 76
114 78
114 79
114 80
114 83
114 86
114 90
114 91
114 93
114 96
114 97
114 100
114 102
114 104
114 106
115 0
115 3
115 5
115 7
115 8
115 10
115 11
115 12
115 14
115 16
115 18
115 19
115 21
115 22
115 23
115 24
115 25
115 26
115 27
115 28
115 29
115 31
115 32
115 33
115 34
115 36
115 37
115 38
115 40
115 43
115 44
115 45
115 46
115 47
115 48
115 49
115 50
115 53
115 58
115 60
115 61
115 62
115 64
115 66
115 68
115 72
115 73
115 74
115 76
115 78
115 79
115 81
115 83
115 86
115 87
115 91
115 93
115 96
115 97
115 98
115 100
115 102
115 103
115 104
115 105
115 113
115 114
116 0
116 3
116 4
116 5
116 6
116 9
116 10
116 11
116 12
116 13
116 15
116 18
116 19
116 20
116 23
116 27
116 28
116 29
116 30
116 31
116 32
116 33
116 35
116 36
116 37
116 38
116 41
116 44
116 49
116 50
116 51
116 52
116 53
116 54
116 55
116 56
116 57
116 60
116 61
116 63
116 64
116 66
116 67
116 69
116 70
116 72
116 73
116 74
116 76
116 77
116 81
116 82
116 83
116 84
116 85
116 86
116 87
116 88
116 90
116 91
116 93
116 94
116 97
116 98
116 99
116 100
116 101
116 102
116 103
116 104
116 105
116 106
116 107
116 108
116 109
116 113
116 115
117 13
117 17
117 25
117 26
117 30
117 37
117 39
117 45
117 46
117 47
117 50
117 51
117 55
117 64
117 66
117 70
117 72
117 78
117 80
117 82
117 103
117 106
117 107
117 109
118 7
118 9
118 14
118 15
118 29
118 30
118 32
118 44
118 67
118 75
118 77
118 83
118 84
118 85
118 94
118 99
118 101
118 107
118 108
118 110
118 112
118 116
119 0
119 1
119 2
119 3
119 4
119 6
119 7
119 8
119 10
119 11
119 13
119 14
119 16
119 17
119 21
119 22
119 23
119 24
119 27
119 28
119 29
119 30
119 32
119 33
119 34
119 35
119 40
119 41
119 43
119 44
119 45
119 46
119 47
119 48
119 49
119 53
119 54
119 55
119 56
119 57
119 58
119 62
119 63
119 65
119 69
119 70
119 72
119 73
119 74
119 75
119 76
119 78
119 79
119 80
119 81
119 83
119 86
119 87
119 88
119 89
119 93
119 94
119 95
119 96
119 97
119 98
119 99
119 102
119 105
119 107
119 108
119 109
119 110
119 111
119 112
119 113
119 114
119 115
119 116
119 117
119 118
120 0
120 1
120 2
120 3
120 4
120 5
120 6
120 8
120 9
120 10
120 11
120 12
120 13
120 14
120 15
120 16
120 17
120 18
120 19
120 20
120 21
120 22
120 23
120 24
120 25
120 26
120 28
120 29
120 30
120 31
120 32
120 33
120 34
120 35
120 36
120 37
120 38
120 39
120 40
120 41
120 42
120 43
120 44
120 46
120 47
120 48
120 49
120 50
120 52
120 53
120 54
120 55
120 56
120 58
120 62
120 63
120 64
120 66
120 67
120 68
120 69
120 70
120 71
120 72
120 73
120 74
120 75
120 76
120 77
120 78
120 79
120 80
120 81
120 82
120 83
120 85
120 86
120 87
120 91
120 93
120 94
120 95
120 96
120 97
120 98
120 99
120 100
120 102
120 104
120 105
120 106
120 107
120 108
120 109
120 110
120 111
120 112
120 113
120 114
120 115
120 116
120 117
120 118
120 119
121 0
121 1
121 2
121 3
121 4
121 5
121 6
121 7
121 8
121 10
121 11
121 13
121 14
121 15
121 16
121 17
121 18
121 19
121 20
121 21
121 22
121 23
121 24
121 25
121 27
121 28
121 29
121 30
121 32
121 33
121 35
121 36
121 37
121 38
121 40
121 41
121 42
121 43
121 44
121 45
121 46
121 48
121 49
121 51
121 52
121 53
121 54
121 55
121 56
121 57
121 58
121 59
121 60
121 61
121 62
121 63
121 64
121 65
121 66
121 67
121 68
121 69
121 72
121 73
121 74
121 75
121 76
121 78
121 79
121 80
121 81
121 82
121 83
121 86
121 87
121 89
121 91
121 92
121 93
121 94
121 95
121 96
121 97
121 98
121 99
121 100
121 102
121 103
121 104
121 105
121 106
121 107
121 108
121 110
121 111
121 112
121 113
121 115
121 116
121 118
121 119
121 120
122 0
122 12
122 16
122 27
122 31
122 32
122 33
122 35
122 36
122 44
122 53
122 54
122 55
122 58
122 63
122 64
122 66
122 70
122 71
122 72
122 74
122 75
122 76
122 81
122 82
122 83
122 86
122 90
122 91
122 93
122 102
122 105
123 0
123 1
123 3
123 4
123 6
123 7
123 8
123 12
123 13
123 14
123 17
123 18
123 24
123 31
123 33
123 40
123 41
123 42
123 43
123 45
123 47
123 50
123 52
123 57
123 59
123 60
123 61
123 62
123 66
123 71
123 76
123 79
123 80
123 81
123 86
123 87
123 88
123 92
123 93
123 94
123 95
123 97
123 102
123 105
123 106
123 111
123 112
123 113
123 115
123 117
123 119
123 121
124 0
124 3
124 6
124 7
124 10
124 12
124 13
124 15
124 20
124 21
124 22
124 27
124 28
124 29
124 33
124 35
124 36
124 37
124 42
124 43
124 49
124 50
124 51
124 53
124 54
124 55
124 58
124 59
124 60
124 61
124 65
124 71
124 72
124 75
124 80
124 81
124 84
124 86
124 89
124 90
124 93
124 94
124 95
124 104
124 107
124 108
124 109
124 113
124 114
124 115
125 1
125 2
125 6
125 7
125 8
125 9
125 11
125 13
125 14
125 15
125 17
125 18
125 19
125 20
125 24
125 26
125 29
125 30
125 32
125 33
125 35
125 36
125 37
125 40
125 42
125 44
125 45
125 46
125 47
125 50
125 52
125 53
125 54
125 55
125 57
125 64
125 65
125 75
125 77
125 81
125 83
125 93
125 94
125 95
125 99
125 101
125 105
125 107
125 108
125 109
125 110
125 112
125 113
125 116
125 117
125 119
125 120
125 121
125 122
125 123
126 0
126 3
126 4
126 5
126 8
126 10
126 11
126 14
126 15
126 16
126 17
126 18
126 20
126 21
126 22
126 23
126 24
126 25
126 26
126 27
126 29
126 30
126 31
126 32
126 33
126 34
126 35
126 36
126 38
126 39
126 40
126 41
126 43
126 44
126 45
126 46
126 47
126 48
126 49
126 50
126 53
126 54
126 55
126 56
126 58
126 59
126 60
126 61
126 62
126 63
126 66
126 67
126 68
126 69
126 70
126 71
126 72
126 73
126 74
126 75
126 76
126 78
126 79
126 80
126 81
126 82
126 83
126 84
126 85
126 86
126 87
126 88
126 89
126 90
126 91
126 92
126 94
126 96
126 97
126 98
126 99
126 100
126 101
126 102
126 103
126 104
126 105
126 107
126 108
126 109
126 110
126 112
126 113
126 114
126 115
126 116
126 117
126 118
126 119
126 120
126 121
126 122
126 123
126 124
126 125
127 0
127 2
127 5
127 8
127 10
127 11
127 12
127 14
127 15
127 16
127 17
127 18
127 20
127 21
127 22
127 23
127 24
127 25
127 26
127 27
127 28
127 29
127 30
127 32
127 33
127 34
127 37
127 39
127 40
127 41
127 42
127 43
127 44
127 46
127 48
127 49
127 50
127 58
127 62
127 63
127 66
127 70
127 71
127 74
127 75
127 76
127 78
127 79
127 80
127 81
127 86
127 87
127 92
127 93
127 96
127 97
127 100
127 101
127 102
127 103
127 105
127 107
127 108
127 111
127 114
127 116
127 120
127 121
127 122
127 123
127 124
128 0
128 4
128 5
128 6
128 7
128 8
128 13
128 14
128 20
128 21
128 22
128 27
128 28
128 33
128 34
128 39
128 43
128 46
128 47
128 48
128 49
128 50
128 53
128 57
128 58
128 62
128 64
128 66
128 70
128 73
128 76
128 79
128 81
128 83
128 86
128 87
128 91
128 93
128 97
128 100
128 102
128 105
128 106
128 110
128 112
128 113
128 114
128 115
128 121
128 123
129 0
129 3
129 6
129 7
129 8
129 9
129 10
129 11
129 14
129 19
129 20
129 21
129 22
129 23
129 26
129 27
129 28
129 30
129 31
129 32
129 33
129 34
129 35
129 36
129 37
129 38
129 39
129 40
129 41
129 42
129 43
129 44
129 45
129 46
129 47
129 48
129 51
129 53
129 54
129 55
129 57
129 58
129 60
129 62
129 63
129 64
129 65
129 66
129 67
129 69
129 71
129 73
129 74
129 76
129 77
129 78
129 81
129 82
129 83
129 84
129 85
129 86
129 88
129 89
129 90
129 94
129 99
129 101
129 102
129 105
129 106
129 109
129 110
129 111
129 112
129 114
129 115
129 116
129 117
129 119
129 120
129 121
129 122
129 124
129 125
129 126
129 128
130 5
130 11
130 16
130 17
130 18
130 21
130 22
130 23
130 27
130 34
130 39
130 50
130 52
130 58
130 86
130 93
130 114
130 123
130 127
131 0
131 1
131 2
131 6
131 10
131 12
131 14
131 15
131 17
131 18
131 19
131 20
131 21
131 26
131 29
131 30
131 31
131 32
131 33
131 34
131 35
131 36
131 37
131 39
131 44
131 45
131 47
131 50
131 51
131 52
131 54
131 56
131 57
131 62
131 64
131 66
131 69
131 70
131 71
131 72
131 73
131 74
131 75
131 76
131 77
131 82
131 83
131 88
131 89
131 90
131 91
131 93
131 94
131 95
131 98
131 99
131 101
131 102
131 103
131 105
131 106
131 107
131 108
131 109
131 112
131 113
131 115
131 116
131 117
131 119
131 120
131 121
131 122
131 123
131 124
131 125
131 127
131 128
131 129
131 130
132 0
132 8
132 12
132 17
132 18
132 19
132 21
132 22
132 23
132 27
132 30
132 31
132 32
132 33
132 34
132 35
132 39
132 41
132 45
132 48
132 49
132 53
132 54
132 58
132 63
132 68
132 73
132 86
132 88
132 89
132 98
132 108
132 116
132 121
132 122
132 124
132 128
133 0
133 2
133 3
133 4
133 5
133 6
133 7
133 8
133 9
133 10
133 11
133 12
133 14
133 15
133 17
133 18
133 20
133 21
133 22
133 23
133 24
133 25
133 26
133 27
133 28
133 29
133 31
133 32
133 33
133 34
133 36
133 37
133 38
133 40
133 41
133 42
133 43
133 44
133 45
133 46
133 47
133 49
133 50
133 51
133 52
133 53
133 54
133 55
133 56
133 57
133 58
133 61
133 62
133 63
133 64
133 66
133 67
133 69
133 70
133 72
133 73
133 74
133 75
133 76
133 77
133 78
133 79
133 80
133 81
133 82
133 83
133 84
133 85
133 86
133 87
133 88
133 89
133 90
133 91
133 92
133 93
133 97
133 99
133 100
133 101
133 102
133 104
133 105
133 106
133 107
133 108
133 111
133 113
133 115
133 116
133 117
133 118
133 119
133 121
133 122
133 123
133 124
133 125
133 126
133 127
133 128
133 129
133 130
133 131
133 132
134 0
134 5
134 6
134 8
134 12
134 14
134 16
134 18
134 19
134 20
134 21
134 22
134 23
134 27
134 28
134 33
134 34
134 35
134 37
134 38
134 41
134 43
134 45
134 46
134 47
134 48
134 49
134 51
134 53
134 54
134 55
134 58
134 59
134 60
134 61
134 68
134 73
134 74
134 75
134 76
134 79
134 80
134 81
134 86
134 87
134 88
134 89
134 90
134 91
134 92
134 96
134 97
134 100
134 102
134 103
134 104
134 105
134 106
134 111
134 113
134 114
134 115
134 116
134 117
134 119
134 120
134 121
134 123
134 124
134 128
134 130
134 133
135 0
135 2
135 3
135 4
135 5
135 6
135 8
135 9
135 10
135 11
135 13
135 14
135 15
135 16
135 17
135 18
135 19
135 20
135 22
135 23
135 29
135 30
135 31
135 32
135 33
135 34
135 35
135 36
135 41
135 43
135 44
135 48
135 49
135 50
135 52
135 53
135 54
135 55
135 56
135 57
135 62
135 63
135 64
135 65
135 66
135 67
135 72
135 73
135 74
135 75
135 76
135 77
135 78
135 79
135 80
135 81
135 82
135 83
135 85
135 86
135 87
135 88
135 89
135 90
135 91
135 92
135 93
135 94
135 95
135 96
135 97
135 98
135 99
135 100
135 101
135 102
135 103
135 105
135 107
135 108
135 109
135 110
135 111
135 112
135 113
135 114
135 115
135 116
135 117
135 119
135 120
135 121
135 124
135 126
135 127
135 128
135 129
135 130
135 131
135 132
135 134
136 4
136 18
136 19
136 20
136 24
136 26
136 28
136 30
136 31
136 35
136 38
136 44
136 57
136 61
136 62
136 66
136 68
136 69
136 84
136 91
136 93
136 101
136 104
136 109
136 122
136 124
137 0
137 1
137 2
137 3
137 4
137 6
137 7
137 8
137 9
137 10
137 12
137 13
137 14
137 15
137 16
137 17
137 18
137 19
137 20
137 21
137 22
137 23
137 24
137 25
137 26
137 27
137 28
137 30
137 31
137 32
137 33
137 34
137 35
137 36
137 37
137 38
137 39
137 40
137 41
137 42
137 43
137 44
137 45
137 46
137 47
137 48
137 49
137 50
137 51
137 52
137 54
137 56
137 57
137 58
137 60
137 61
137 62
137 64
137 65
137 66
137 67
137 68
137 69
137 70
137 71
137 72
137 73
137 74
137 75
137 76
137 77
137 78
137 79
137 80
137 81
137 82
137 83
137 85
137 86
137 87
137 88
137 89
137 90
137 91
137 92
137 93
137 94
137 95
137 96
137 97
137 98
137 99
137 102
137 104
137 105
137 106
137 107
137 108
137 109
137 110
137 111
137 112
137 113
137 114
137 115
137 116
137 117
137 118
137 119
137 120
137 121
137 122
137 123
137 124
137 125
137 126
137 127
137 128
137 129
137 130
137 131
137 133
137 134
137 136
138 0
138 1
138 2
138 6
138 7
138 8
138 9
138 10
138 11
138 13
138 14
138 15
138 17
138 18
138 19
138 20
138 21
138 22
138 29
138 30
138 32
138 33
138 34
138 35
138 36
138 37
138 40
138 42
138 44
138 48
138 49
138 50
138 51
138 53
138 54
138 55
138 56
138 57
138 58
138 60
138 63
138 64
138 65
138 67
138 69
138 70
138 72
138 73
138 74
138 75
138 76
138 77
138 81
138 82
138 83
138 84
138 85
138 89
138 93
138 94
138 95
138 98
138 99
138 101
138 103
138 104
138 105
138 107
138 108
138 109
138 110
138 112
138 113
138 115
138 116
138 117
138 118
138 119
138 120
138 122
138 124
138 125
138 126
138 127
138 128
138 129
138 131
138 132
138 133
138 135
138 136
139 6
139 10
139 15
139 28
139 36
139 56
139 67
139 77
139 82
139 84
139 85
139 93
139 103
139 105
139 108
139 110
139 118
139 119
139 120
139 122
139 125
139 126
139 138
140 0
140 1
140 2
140 3
140 4
140 5
140 10
140 11
140 12
140 15
140 21
140 22
140 23
140 24
140 25
140 26
140 27
140 28
140 35
140 36
140 37
140 38
140 39
140 41
140 42
140 48
140 49
140 50
140 51
140 53
140 56
140 58
140 62
140 63
140 64
140 65
140 66
140 68
140 69
140 71
140 72
140 73
140 74
140 75
140 76
140 77
140 78
140 79
140 80
140 82
140 87
140 88
140 89
140 90
140 96
140 97
140 98
140 101
140 102
140 103
140 104
140 106
140 110
140 111
140 112
140 120
140 123
140 124
140 125
140 126
140 127
140 128
140 129
140 132
140 134
140 137
140 138
140 139
141 0
141 1
141 3
141 4
141 5
141 6
141 7
141 8
141 9
141 10
141 11
141 12
141 14
141 15
141 17
141 18
141 19
141 20
141 21
141 22
141 24
141 25
141 27
141 28
141 29
141 32
141 33
141 34
141 36
141 37
141 38
141 39
141 41
141 42
141 43
141 44
141 45
141 46
141 47
141 49
141 50
141 51
141 52
141 53
141 54
141 55
141 56
141 57
141 58
141 59
141 60
141 61
141 62
141 64
141 65
141 66
141 67
141 69
141 70
141 73
141 74
141 77
141 79
141 81
141 82
141 83
141 84
141 85
141 86
141 89
141 91
141 92
141 93
141 94
141 98
141 99
141 101
141 102
141 103
141 104
141 105
141 106
141 108
141 109
141 110
141 112
141 113
141 115
141 116
141 117
141 118
141 119
141 120
141 121
141 122
141 123
141 124
141 125
141 126
141 127
141 128
141 130
141 131
141 132
141 135
141 136
141 137
141 138
141 139
141 140
142 0
142 1
142 2
142 3
142 4
142 5
142 6
142 8
142 10
142 12
142 13
142 14
142 15
142 16
142 17
142 18
142 19
142 20
142 21
142 22
142 23
142 24
142 25
142 26
142 27
142 29
142 30
142 33
142 34
142 35
142 37
142 39
142 40
142 41
142 42
142 43
142 45
142 46
142 47
142 49
142 50
142 52
142 53
142 54
142 55
142 57
142 58
142 59
142 61
142 62
142 64
142 65
142 68
142 70
142 71
142 72
142 73
142 74
142 75
142 76
142 78
142 79
142 80
142 81
142 86
142 87
142 88
142 89
142 90
142 91
142 94
142 95
142 96
142 97
142 98
142 100
142 101
142 102
142 104
142 105
142 106
142 107
142 108
142 111
142 113
142 114
142 115
142 116
142 117
142 121
142 126
142 127
142 129
142 131
142 132
142 133
142 134
142 136
142 137
142 139
143 0
143 1
143 2
143 6
143 8
143 9
143 10
143 11
143 12
143 13
143 14
143 15
143 17
143 18
143 19
143 20
143 24
143 25
143 26
143 28
143 29
143 30
143 31
143 32
143 33
143 35
143 36
143 37
143 38
143 39
143 43
143 44
143 45
143 46
143 47
143 48
143 50
143 51
143 54
143 55
143 56
143 59
143 60
143 61
143 62
143 64
143 65
143 66
143 67
143 68
143 70
143 71
143 72
143 73
143 74
143 75
143 76
143 77
143 78
143 79
143 81
143 82
143 83
143 84
143 85
143 88
143 89
143 90
143 91
143 93
143 94
143 95
143 98
143 99
143 100
143 101
143 102
143 103
143 104
143 105
143 106
143 107
143 108
143 109
143 110
143 111
143 112
143 116
143 117
143 118
143 120
143 121
143 122
143 124
143 125
143 126
143 127
143 128
143 129
143 131
143 132
143 133
143 134
143 135
143 136
143 137
143 138
143 139
143 140
144 1
144 3
144 4
144 5
144 9
144 10
144 16
144 20
144 22
144 23
144 24
144 26
144 29
144 34
144 41
144 42
144 67
144 73
144 74
144 76
144 77
144 79
144 80
144 85
144 86
144 87
144 91
144 92
144 96
144 97
144 98
144 100
144 102
144 104
144 105
144 108
144 109
144 114
144 126
144 127
144 130
144 134
144 140
144 141
144 142
145 0
145 1
145 3
145 5
145 7
145 8
145 10
145 11
145 12
145 13
145 14
145 16
145 20
145 21
145 22
145 23
145 27
145 28
145 29
145 30
145 33
145 34
145 35
145 37
145 38
145 41
145 42
145 43
145 45
145 46
145 47
145 48
145 49
145 52
145 53
145 54
145 55
145 58
145 59
145 60
145 62
145 63
145 64
145 68
145 73
145 74
145 75
145 76
145 79
145 80
145 81
145 83
145 86
145 87
145 91
145 93
145 95
145 96
145 97
145 98
145 100
145 102
145 105
145 106
145 107
145 108
145 111
145 112
145 113
145 114
145 115
145 117
145 119
145 121
145 123
145 128
145 129
145 131
145 133
145 136
145 137
145 143
145 144
146 13
146 16
146 23
146 41
146 45
146 50
146 64
146 80
146 92
146 96
146 114
146 117
146 123
146 130
146 137
147 5
147 9
147 11
147 13
147 16
147 23
147 33
147 34
147 41
147 51
147 76
147 80
147 92
147 96
147 130
147 142
147 144
147 145
147 146
148 0
148 1
148 2
148 6
148 7
148 8
148 9
148 12
148 13
148 14
148 15
148 17
148 18
148 19
148 28
148 33
148 34
148 35
148 37
148 38
148 39
148 40
148 42
148 43
148 45
148 46
148 47
148 50
148 51
148 52
148 56
148 57
148 60
148 61
148 62
148 64
148 65
148 66
148 67
148 69
148 71
148 73
148 74
148 75
148 76
148 77
148 78
148 79
148 81
148 82
148 84
148 85
148 86
148 88
148 90
148 92
148 93
148 94
148 95
148 97
148 101
148 102
148 104
148 105
148 106
148 107
148 109
148 110
148 111
148 112
148 113
148 115
148 116
148 117
148 118
148 119
148 120
148 121
148 123
148 124
148 125
148 126
148 128
148 129
148 133
148 134
148 136
148 137
148 138
148 139
148 140
148 141
148 143
148 145
148 146
149 0
149 4
149 5
149 10
149 11
149 15
149 20
149 21
149 22
149 24
149 25
149 26
149 27
149 28
149 29
149 32
149 33
149 34
149 38
149 40
149 41
149 49
149 51
149 53
149 54
149 55
149 58
149 59
149 60
149 61
149 63
149 65
149 68
149 69
149 70
149 71
149 72
149 73
149 74
149 75
149 76
149 79
149 81
149 83
149 86
149 87
149 88
149 89
149 90
149 92
149 97
149 98
149 99
149 100
149 102
149 104
149 105
149 107
149 108
149 115
149 116
149 122
149 124
149 127
149 128
149 130
149 131
149 132
149 134
149 135
149 139
149 142
149 145
149 146
149 147
149 148
150 0
150 1
150 2
150 3
150 4
150 5
150 6
150 7
150 8
150 9
150 10
150 11
150 13
150 14
150 17
150 18
150 19
150 21
150 22
150 23
150 24
150 25
150 26
150 27
150 29
150 30
150 33
150 34
150 35
150 40
150 41
150 42
150 43
150 45
150 46
150 47
150 48
150 49
150 52
150 53
150 54
150 55
150 57
150 58
150 62
150 63
150 65
150 67
150 68
150 70
150 72
150 74
150 76
150 78
150 79
150 80
150 81
150 83
150 86
150 87
150 91
150 93
150 94
150 95
150 96
150 97
150 100
150 102
150 105
150 107
150 110
150 111
150 112
150 113
150 114
150 115
150 117
150 121
150 128
150 129
150 133
150 136
150 143
150 145
150 147
150 149
151 1
151 35
151 52
151 53
151 54
151 57
151 63
151 82
151 83
151 94
151 95
151 112
151 118
151 124
151 129
152 1
152 2
152 4
152 5
152 6
152 7
152 9
152 10
152 11
152 13
152 15
152 16
152 18
152 19
152 21
152 22
152 23
152 27
152 28
152 29
152 30
152 32
152 33
152 34
152 36
152 37
152 38
152 39
152 41
152 42
152 44
152 48
152 49
152 50
152 51
152 52
152 53
152 54
152 55
152 57
152 58
152 59
152 60
152 61
152 63
152 64
152 65
152 69
152 70
152 71
152 72
152 73
152 74
152 75
152 76
152 77
152 80
152 81
152 82
152 83
152 86
152 87
152 88
152 89
152 90
152 91
152 93
152 94
152 95
152 96
152 97
152 98
152 99
152 101
152 103
152 104
152 105
152 106
152 107
152 108
152 109
152 110
152 112
152 114
152 116
152 117
152 119
152 120
152 122
152 123
152 124
152 125
152 126
152 127
152 128
152 129
152 131
152 132
152 133
152 134
152 135
152 136
152 137
152 138
152 139
152 140
152 144
152 145
152 147
152 148
152 149
152 151
153 0
153 3
153 5
153 6
153 7
153 8
153 9
153 10
153 11
153 12
153 13
153 15
153 19
153 21
153 22
153 23
153 27
153 28
153 29
153 30
153 31
153 33
153 35
153 36
153 37
153 39
153 41
153 42
153 48
153 49
153 51
153 53
153 54
153 55
153 56
153 57
153 58
153 64
153 65
153 67
153 69
153 70
153 71
153 72
153 73
153 74
153 75
153 77
153 81
153 82
153 84
153 85
153 86
153 88
153 89
153 90
153 98
153 99
153 101
153 103
153 104
153 106
153 107
153 108
153 109
153 111
153 113
153 115
153 116
153 117
153 118
153 119
153 122
153 124
153 125
153 126
153 127
153 128
153 131
153 134
153 135
153 137
153 138
153 139
153 140
153 141
153 144
153 145
153 148
153 150
153 152
154 3
154 5
154 6
154 8
154 10
154 11
154 16
154 17
154 18
154 19
154 21
154 22
154 23
154 27
154 28
154 30
154 31
154 32
154 33
154 34
154 35
154 36
154 37
154 38
154 41
154 44
154 45
154 48
154 52
154 53
154 58
154 60
154 61
154 62
154 63
154 66
154 68
154 73
154 74
154 75
154 76
154 79
154 80
154 82
154 83
154 86
154 89
154 90
154 91
154 92
154 96
154 97
154 100
154 102
154 103
154 105
154 106
154 108
154 110
154 111
154 112
154 113
154 114
154 115
154 116
154 119
154 120
154 121
154 127
154 128
154 129
154 130
154 134
154 135
154 139
154 142
154 144
154 145
154 147
154 149
154 150
154 152
155 4
155 5
155 6
155 7
155 8
155 9
155 10
155 11
155 12
155 14
155 17
155 18
155 23
155 24
155 25
155 26
155 27
155 28
155 29
155 30
155 31
155 32
155 33
155 34
155 37
155 38
155 40
155 41
155 42
155 46
155 47
155 50
155 51
155 52
155 56
155 57
155 61
155 62
155 63
155 64
155 65
155 66
155 70
155 73
155 74
155 75
155 76
155 77
155 82
155 83
155 84
155 87
155 88
155 89
155 90
155 91
155 92
155 93
155 97
155 98
155 100
155 104
155 105
155 106
155 107
155 109
155 111
155 115
155 116
155 117
155 119
155 120
155 121
155 123
155 126
155 127
155 128
155 130
155 131
155 132
155 134
155 135
155 137
155 138
155 139
155 141
155 142
155 144
155 145
155 149
155 150
155 152
155 153
155 154
156 0
156 1
156 2
156 10
156 12
156 13
156 15
156 16
156 20
156 23
156 28
156 29
156 31
156 32
156 35
156 36
156 37
156 44
156 45
156 50
156 54
156 55
156 72
156 74
156 75
156 81
156 83
156 86
156 89
156 90
156 94
156 95
156 99
156 103
156 106
156 114
156 116
156 120
156 123
156 124
156 127
156 130
156 132
156 133
156 137
156 139
156 142
156 143
156 151
157 0
157 1
157 2
157 4
157 5
157 6
157 7
157 8
157 10
157 11
157 12
157 13
157 15
157 17
157 18
157 20
157 25
157 29
157 30
157 35
157 36
157 37
157 39
157 40
157 43
157 45
157 46
157 47
157 48
157 52
157 54
157 55
157 57
157 62
157 66
157 69
157 70
157 71
157 72
157 73
157 74
157 75
157 76
157 81
157 85
157 88
157 89
157 90
157 91
157 92
157 93
157 94
157 95
157 98
157 99
157 101
157 102
157 103
157 106
157 107
157 108
157 111
157 112
157 117
157 120
157 121
157 122
157 123
157 124
157 125
157 127
157 128
157 129
157 130
157 131
157 132
157 133
157 134
157 136
157 137
157 139
157 140
157 143
157 146
157 150
157 151
157 155
157 156
158 0
158 1
158 2
158 3
158 4
158 5
158 6
158 10
158 11
158 12
158 14
158 17
158 18
158 20
158 21
158 23
158 25
158 26
158 27
158 28
158 29
158 30
158 32
158 35
158 37
158 39
158 40
158 42
158 45
158 47
158 49
158 50
158 52
158 53
158 54
158 55
158 62
158 63
158 65
158 70
158 73
158 75
158 76
158 78
158 80
158 81
158 83
158 86
158 94
158 95
158 96
158 104
158 105
158 108
158 111
158 113
158 114
158 117
158 122
158 123
158 129
158 131
158 133
158 136
158 137
158 143
158 145
158 151
158 155
158 156
158 157
159 1
159 2
159 4
159 9
159 10
159 11
159 16
159 20
159 25
159 26
159 32
159 35
159 63
159 64
159 67
159 70
159 73
159 77
159 83
159 85
159 92
159 96
159 97
159 104
159 109
159 112
159 118
159 119
159 124
159 126
159 130
159 140
159 141
159 142
159 145
159 146
159 147
159 151
159 154
159 158
160 5
160 6
160 7
160 8
160 9
160 10
160 11
160 12
160 15
160 19
160 28
160 29
160 31
160 32
160 33
160 36
160 37
160 38
160 42
160 44
160 50
160 51
160 55
160 56
160 57
160 61
160 63
160 64
160 65
160 66
160 67
160 69
160 70
160 72
160 73
160 74
160 75
160 76
160 77
160 82
160 83
160 84
160 85
160 86
160 88
160 89
160 90
160 96
160 98
160 99
160 101
160 102
160 103
160 104
160 105
160 106
160 107
160 108
160 109
160 116
160 118
160 119
160 120
160 122
160 124
160 125
160 126
160 127
160 128
160 131
160 132
160 134
160 135
160 137
160 138
160 139
160 140
160 141
160 145
160 148
160 149
160 150
160 151
160 152
160 153
160 154
161 0
161 5
161 6
161 8
161 12
161 15
161 17
161 18
161 26
161 27
161 28
161 33
161 34
161 37
161 38
161 40
161 41
161 50
161 51
161 52
161 57
161 59
161 60
161 61
161 62
161 66
161 70
161 71
161 72
161 73
161 74
161 75
161 81
161 86
161 88
161 89
161 90
161 91
161 93
161 98
161 99
161 104
161 105
161 107
161 108
161 113
161 115
161 116
161 121
161 128
161 131
161 132
161 134
161 137
161 142
161 144
161 145
161 149
161 158
161 159
161 160
162 14
162 18
162 50
162 59
162 60
162 61
162 63
162 72
162 75
162 87
162 89
162 90
162 97
162 104
162 107
162 108
162 116
162 118
162 132
162 134
162 160
162 161
163 4
163 6
163 7
163 8
163 9
163 10
163 11
163 12
163 16
163 21
163 22
163 23
163 30
163 32
163 33
163 37
163 41
163 44
163 48
163 49
163 52
163 53
163 56
163 57
163 58
163 60
163 63
163 67
163 68
163 69
163 73
163 74
163 80
163 81
163 83
163 84
163 85
163 86
163 99
163 104
163 109
163 111
163 113
163 116
163 118
163 119
163 122
163 123
163 138
163 141
163 142
163 145
163 149
163 150
163 151
163 152
163 158
164 0
164 1
164 2
164 3
164 4
164 6
164 7
164 8
164 9
164 12
164 13
164 14
164 15
164 16
164 17
164 18
164 19
164 20
164 21
164 22
164 23
164 24
164 25
164 26
164 28
164 30
164 31
164 33
164 34
164 35
164 37
164 39
164 40
164 42
164 43
164 44
164 45
164 46
164 47
164 48
164 49
164 50
164 51
164 52
164 53
164 54
164 55
164 56
164 57
164 62
164 64
164 65
164 66
164 67
164 68
164 69
164 70
164 72
164 74
164 76
164 77
164 78
164 79
164 80
164 81
164 83
164 84
164 85
164 86
164 87
164 91
164 92
164 93
164 94
164 95
164 96
164 97
164 99
164 100
164 101
164 102
164 103
164 105
164 106
164 109
164 110
164 111
164 112
164 113
164 114
164 115
164 117
164 118
164 119
164 120
164 121
164 123
164 124
164 125
164 126
164 128
164 129
164 133
164 134
164 136
164 137
164 140
164 141
164 142
164 143
164 144
164 146
164 147
164 148
164 153
164 155
164 156
164 157
164 158
164 162
164 163
165 6
165 7
165 8
165 13
165 14
165 17
165 18
165 19
165 21
165 30
165 43
165 45
165 48
165 51
165 52
165 54
165 59
165 62
165 65
165 67
165 68
165 81
165 83
165 92
165 110
165 111
165 112
165 121
165 125
165 128
166 3
166 6
166 8
166 10
166 11
166 14
166 20
166 25
166 26
166 29
166 30
166 31
166 32
166 34
166 35
166 36
166 38
166 40
166 44
166 46
166 47
166 48
166 52
166 57
166 59
166 61
166 62
166 63
166 66
166 73
166 74
166 76
166 78
166 79
166 80
166 83
166 87
166 88
166 89
166 90
166 92
166 99
166 100
166 102
166 103
166 104
166 108
166 109
166 110
166 111
166 112
166 114
166 116
166 119
166 120
166 122
166 124
166 127
166 128
166 129
166 131
166 135
166 138
166 142
166 145
166 151
166 154
166 157
166 158
166 160
166 161
166 162
166 163
166 164
166 165
167 6
167 7
167 12
167 13
167 24
167 27
167 32
167 37
167 39
167 40
167 42
167 50
167 51
167 52
167 53
167 54
167 55
167 57
167 65
167 67
167 70
167 83
167 89
167 90
167 91
167 93
167 99
167 106
167 109
167 112
167 115
167 118
167 119
167 122
167 123
167 124
167 128
167 129
167 131
167 132
167 134
167 135
167 137
167 141
167 146
167 148
167 151
167 153
167 154
167 156
167 158
167 160
167 164
168 1
168 3
168 7
168 8
168 14
168 18
168 22
168 23
168 33
168 41
168 43
168 45
168 46
168 47
168 49
168 56
168 67
168 76
168 80
168 85
168 96
168 97
168 103
168 105
168 113
168 115
168 118
168 120
168 121
168 127
168 128
168 144
168 155
169 0
169 3
169 6
169 7
169 8
169 12
169 13
169 15
169 17
169 18
169 19
169 21
169 22
169 27
169 28
169 30
169 32
169 33
169 34
169 35
169 37
169 38
169 39
169 42
169 43
169 45
169 48
169 49
169 50
169 52
169 53
169 54
169 55
169 57
169 58
169 60
169 61
169 63
169 66
169 68
169 74
169 80
169 81
169 83
169 88
169 89
169 90
169 94
169 95
169 104
169 105
169 106
169 110
169 113
169 119
169 121
169 122
169 123
169 124
169 128
169 131
169 132
169 134
169 137
169 147
169 149
169 156
169 158
169 162
169 163
169 165
170 2
170 6
170 7
170 8
170 12
170 16
170 17
170 18
170 19
170 29
170 30
170 37
170 41
170 43
170 45
170 48
170 49
170 50
170 53
170 54
170 57
170 59
170 68
170 77
170 84
170 86
170 92
170 93
170 98
170 108
170 109
170 115
170 121
170 122
170 127
170 128
170 129
170 130
170 140
170 143
170 146
170 159
170 164
170 165
170 167
170 168
171 0
171 6
171 7
171 12
171 15
171 21
171 22
171 23
171 27
171 29
171 30
171 31
171 32
171 33
171 34
171 36
171 41
171 44
171 49
171 50
171 52
171 53
171 57
171 58
171 63
171 64
171 66
171 73
171 74
171 75
171 82
171 83
171 86
171 88
171 96
171 98
171 99
171 102
171 103
171 105
171 106
171 107
171 108
171 115
171 116
171 120
171 121
171 122
171 123
171 124
171 127
171 128
171 130
171 131
171 132
171 135
171 138
171 139
171 140
171 144
171 145
171 146
171 147
171 150
171 151
171 152
171 153
171 154
171 158
171 160
171 163
171 165
171 166
171 169
171 170
172 0
172 2
172 3
172 6
172 7
172 8
172 9
172 12
172 16
172 17
172 18
172 19
172 20
172 21
172 22
172 24
172 25
172 26
172 27
172 28
172 33
172 34
172 35
172 36
172 37
172 39
172 40
172 42
172 45
172 46
172 47
172 48
172 49
172 51
172 53
172 54
172 56
172 57
172 61
172 64
172 65
172 66
172 67
172 68
172 69
172 76
172 77
172 78
172 79
172 81
172 82
172 84
172 85
172 86
172 88
172 89
172 90
172 95
172 101
172 102
172 103
172 104
172 105
172 109
172 112
172 113
172 115
172 117
172 118
172 119
172 120
172 121
172 123
172 124
172 125
172 126
172 128
172 130
172 132
172 133
172 136
172 137
172 138
172 139
172 140
172 141
172 143
172 146
172 148
172 152
172 153
172 154
172 155
172 156
172 157
172 161
172 163
172 164
172 167
172 168
173 0
173 1
173 2
173 4
173 5
173 6
173 7
173 8
173 9
173 10
173 11
173 13
173 14
173 15
173 16
173 17
173 18
173 19
173 20
173 21
173 22
173 23
173 27
173 28
173 30
173 31
173 33
173 34
173 35
173 36
173 37
173 38
173 40
173 41
173 42
173 44
173 48
173 49
173 50
173 51
173 52
173 53
173 54
173 56
173 57
173 58
173 59
173 61
173 62
173 63
173 64
173 65
173 66
173 67
173 69
173 70
173 71
173 72
173 73
173 74
173 75
173 76
173 77
173 78
173 80
173 81
173 82
173 83
173 84
173 85
173 86
173 87
173 88
173 89
173 90
173 91
173 93
173 94
173 95
173 96
173 97
173 98
173 99
173 101
173 102
173 103
173 104
173 105
173 108
173 109
173 110
173 111
173 112
173 113
173 114
173 116
173 118
173 119
173 120
173 121
173 123
173 125
173 126
173 127
173 128
173 129
173 131
173 132
173 134
173 135
173 138
173 139
173 140
173 141
173 142
173 143
173 144
173 145
173 146
173 147
173 149
173 150
173 151
173 152
173 154
173 158
173 159
173 160
173 163
173 165
173 166
173 167
173 168
173 169
173 170
173 171
173 172
174 0
174 1
174 2
174 4
174 6
174 8
174 9
174 12
174 15
174 18
174 19
174 21
174 22
174 23
174 27
174 28
174 29
174 32
174 33
174 36
174 37
174 38
174 39
174 40
174 42
174 43
174 48
174 50
174 51
174 54
174 55
174 56
174 57
174 58
174 59
174 60
174 61
174 62
174 64
174 65
174 66
174 67
174 69
174 71
174 76
174 77
174 80
174 81
174 82
174 83
174 84
174 85
174 86
174 88
174 89
174 90
174 93
174 99
174 101
174 104
174 105
174 106
174 107
174 108
174 109
174 111
174 112
174 113
174 118
174 119
174 122
174 123
174 124
174 125
174 126
174 128
174 129
174 131
174 132
174 133
174 134
174 135
174 136
174 137
174 138
174 139
174 140
174 141
174 142
174 143
174 148
174 151
174 152
174 153
174 154
174 156
174 157
174 160
174 164
174 165
174 166
174 167
174 168
174 169
174 170
174 171
174 172
174 173
175 0
175 6
175 7
175 8
175 9
175 10
175 11
175 12
175 13
175 15
175 16
175 18
175 20
175 21
175 28
175 29
175 30
175 31
175 33
175 34
175 35
175 36
175 37
175 40
175 42
175 43
175 44
175 45
175 46
175 47
175 50
175 51
175 52
175 56
175 57
175 61
175 62
175 65
175 66
175 67
175 68
175 69
175 76
175 77
175 81
175 82
175 84
175 85
175 86
175 91
175 93
175 95
175 98
175 99
175 101
175 102
175 103
175 104
175 105
175 106
175 108
175 109
175 110
175 112
175 113
175 114
175 115
175 116
175 117
175 118
175 119
175 120
175 121
175 124
175 125
175 126
175 127
175 128
175 129
175 131
175 132
175 133
175 134
175 135
175 136
175 137
175 138
175 139
175 140
175 141
175 148
175 151
175 152
175 153
175 154
175 156
175 157
175 160
175 161
175 164
175 165
175 166
175 167
175 168
175 169
175 170
175 171
175 172
175 173
175 174
176 0
176 1
176 2
176 3
176 4
176 6
176 7
176 8
176 9
176 10
176 11
176 12
176 13
176 14
176 15
176 16
176 17
176 18
176 19
176 20
176 24
176 25
176 26
176 28
176 29
176 30
176 31
176 32
176 33
176 35
176 36
176 37
176 38
176 39
176 40
176 42
176 43
176 44
176 45
176 46
176 47
176 48
176 49
176 50
176 51
176 52
176 54
176 55
176 56
176 61
176 62
176 63
176 64
176 65
176 66
176 67
176 68
176 69
176 70
176 71
176 72
176 73
176 74
176 75
176 76
176 77
176 78
176 79
176 81
176 82
176 83
176 84
176 85
176 86
176 88
176 89
176 90
176 92
176 93
176 94
176 95
176 98
176 99
176 101
176 102
176 103
176 104
176 106
176 107
176 108
176 109
176 110
176 111
176 112
176 115
176 116
176 117
176 118
176 119
176 120
176 121
176 122
176 123
176 124
176 125
176 126
176 127
176 128
176 129
176 130
176 131
176 132
176 133
176 134
176 135
176 136
176 137
176 138
176 139
176 140
176 141
176 142
176 143
176 146
176 148
176 150
176 151
176 152
176 153
176 154
176 156
176 158
176 160
176 161
176 162
176 164
176 165
176 166
176 167
176 168
176 169
176 170
176 171
176 172
176 173
176 174
176 175
177 0
177 1
177 2
177 3
177 4
177 5
177 6
177 7
177 8
177 9
177 10
177 11
177 14
177 15
177 16
177 17
177 18
177 19
177 20
177 21
177 24
177 25
177 26
177 28
177 29
177 30
177 33
177 35
177 36
177 37
177 38
177 39
177 40
177 41
177 42
177 43
177 44
177 45
177 46
177 48
177 51
177 59
177 60
177 61
177 62
177 64
177 65
177 66
177 68
177 69
177 70
177 72
177 73
177 74
177 75
177 76
177 77
177 79
177 81
177 82
177 84
177 86
177 87
177 88
177 89
177 90
177 91
177 95
177 98
177 99
177 101
177 102
177 103
177 104
177 105
177 106
177 107
177 108
177 109
177 110
177 111
177 112
177 113
177 114
177 115
177 116
177 117
177 119
177 120
177 121
177 123
177 124
177 125
177 126
177 127
177 128
177 129
177 130
177 131
177 132
177 133
177 134
177 135
177 136
177 138
177 139
177 140
177 143
177 144
177 145
177 146
177 148
177 149
177 150
177 151
177 152
177 153
177 154
177 155
177 156
177 157
177 158
177 159
177 160
177 161
177 162
177 165
177 167
177 168
177 169
177 170
177 171
177 172
177 173
178 0
178 2
178 3
178 6
178 7
178 10
178 14
178 18
178 20
178 27
178 28
178 29
178 30
178 32
178 35
178 37
178 38
178 39
178 40
178 42
178 45
178 48
178 52
178 53
178 54
178 55
178 56
178 57
178 58
178 60
178 64
178 65
178 66
178 67
178 69
178 70
178 72
178 78
178 79
178 81
178 82
178 84
178 85
178 88
178 90
178 91
178 92
178 93
178 94
178 95
178 99
178 104
178 106
178 109
178 113
178 114
178 118
178 119
178 121
178 122
178 124
178 125
178 131
178 137
178 138
178 139
178 141
178 148
178 151
178 152
178 153
178 155
178 158
178 161
178 163
178 164
178 166
178 167
178 168
178 170
178 173
178 174
178 175
178 176
178 177
179 0
179 6
179 7
179 8
179 9
179 12
179 13
179 15
179 16
179 20
179 27
179 28
179 30
179 33
179 34
179 35
179 37
179 38
179 39
179 40
179 42
179 46
179 47
179 48
179 50
179 51
179 53
179 54
179 55
179 56
179 57
179 58
179 59
179 60
179 61
179 64
179 66
179 67
179 69
179 70
179 72
179 76
179 78
179 79
179 81
179 82
179 84
179 86
179 88
179 90
179 93
179 94
179 98
179 99
179 101
179 102
179 104
179 105
179 106
179 109
179 114
179 115
179 117
179 118
179 119
179 122
179 123
179 124
179 125
179 126
179 128
179 131
179 132
179 133
179 134
179 137
179 138
179 139
179 141
179 148
179 152
179 153
179 155
179 158
179 160
179 161
179 164
179 166
179 167
179 168
179 170
179 171
179 172
179 173
179 174
179 175
179 176
179 177
179 178
180 1
180 2
180 3
180 4
180 8
180 9
180 10
180 11
180 12
180 13
180 15
180 17
180 18
180 19
180 20
180 28
180 29
180 30
180 33
180 35
180 36
180 37
180 38
180 39
180 41
180 43
180 44
180 45
180 46
180 47
180 50
180 51
180 54
180 55
180 59
180 60
180 61
180 62
180 64
180 65
180 66
180 68
180 69
180 70
180 71
180 72
180 73
180 74
180 75
180 76
180 81
180 82
180 83
180 84
180 86
180 87
180 88
180 89
180 90
180 91
180 92
180 93
180 94
180 95
180 98
180 99
180 100
180 101
180 102
180 103
180 104
180 105
180 106
180 107
180 108
180 109
180 110
180 111
180 112
180 115
180 116
180 117
180 119
180 120
180 121
180 122
180 123
180 124
180 125
180 127
180 129
180 130
180 131
180 132
180 133
180 134
180 135
180 136
180 137
180 138
180 139
180 140
180 141
180 142
180 143
180 145
180 146
180 150
180 151
180 153
180 154
180 155
180 156
180 157
180 158
180 160
180 161
180 164
180 165
180 167
180 168
180 169
180 170
180 171
180 172
180 173
180 174
180 176
180 177
181 0
181 3
181 4
181 6
181 7
181 12
181 13
181 14
181 16
181 18
181 19
181 21
181 23
181 25
181 26
181 27
181 29
181 30
181 32
181 33
181 34
181 35
181 37
181 40
181 43
181 45
181 46
181 47
181 48
181 49
181 50
181 52
181 53
181 54
181 55
181 56
181 57
181 58
181 63
181 64
181 66
181 67
181 68
181 71
181 74
181 76
181 78
181 79
181 82
181 83
181 84
181 85
181 86
181 87
181 90
181 93
181 94
181 95
181 97
181 99
181 105
181 107
181 109
181 114
181 115
181 117
181 118
181 119
181 121
181 122
181 124
181 125
181 128
181 131
181 137
181 138
181 141
181 146
181 151
181 152
181 153
181 154
181 158
181 160
181 162
181 163
181 164
181 166
181 167
181 168
181 171
181 173
181 174
181 175
181 176
181 177
181 178
181 179
182 3
182 6
182 7
182 8
182 9
182 10
182 12
182 13
182 15
182 16
182 19
182 20
182 24
182 25
182 26
182 29
182 30
182 32
182 35
182 36
182 39
182 42
182 43
182 45
182 50
182 51
182 52
182 53
182 54
182 55
182 56
182 57
182 58
182 64
182 65
182 66
182 67
182 69
182 70
182 71
182 72
182 76
182 77
182 78
182 82
182 84
182 85
182 88
182 89
182 90
182 91
182 94
182 95
182 99
182 101
182 103
182 104
182 105
182 106
182 107
182 108
182 109
182 110
182 112
182 118
182 119
182 120
182 121
182 122
182 123
182 124
182 125
182 126
182 131
182 132
182 135
182 137
182 138
182 139
182 140
182 141
182 151
182 152
182 153
182 158
182 160
182 162
182 165
182 166
182 167
182 168
182 170
182 171
182 172
182 173
182 174
182 175
182 176
182 177
182 178
182 179
182 180
182 181
183 0
183 4
183 5
183 7
183 8
183 9
183 10
183 11
183 12
183 15
183 16
183 19
183 20
183 21
183 27
183 28
183 29
183 30
183 32
183 33
183 34
183 35
183 36
183 38
183 40
183 41
183 42
183 43
183 44
183 45
183 46
183 48
183 49
183 52
183 53
183 54
183 55
183 56
183 57
183 58
183 61
183 63
183 64
183 65
183 66
183 67
183 69
183 70
183 71
183 72
183 73
183 74
183 75
183 76
183 77
183 81
183 82
183 83
183 84
183 85
183 86
183 88
183 89
183 90
183 93
183 98
183 99
183 101
183 103
183 104
183 105
183 107
183 108
183 109
183 115
183 116
183 117
183 118
183 119
183 120
183 121
183 122
183 123
183 124
183 125
183 126
183 127
183 128
183 131
183 132
183 133
183 134
183 135
183 136
183 137
183 138
183 139
183 140
183 141
183 144
183 146
183 148
183 149
183 150
183 151
183 152
183 153
183 154
183 158
183 159
183 160
183 161
183 163
183 164
183 165
183 166
183 167
183 168
183 169
183 170
183 171
183 172
183 173
183 174
183 175
183 176
183 178
183 179
183 181
183 182
184 0
184 2
184 3
184 4
184 5
184 6
184 7
184 8
184 10
184 11
184 12
184 14
184 16
184 19
184 20
184 21
184 22
184 23
184 24
184 25
184 26
184 27
184 28
184 29
184 30
184 31
184 32
184 33
184 34
184 35
184 36
184 37
184 39
184 41
184 43
184 45
184 46
184 47
184 48
184 49
184 50
184 51
184 52
184 53
184 54
184 55
184 57
184 58
184 60
184 62
184 63
184 66
184 68
184 70
184 71
184 73
184 74
184 75
184 76
184 78
184 79
184 80
184 81
184 83
184 86
184 87
184 91
184 92
184 93
184 94
184 95
184 96
184 97
184 98
184 100
184 102
184 105
184 106
184 109
184 110
184 111
184 112
184 113
184 115
184 116
184 117
184 121
184 122
184 123
184 124
184 127
184 128
184 129
184 130
184 131
184 133
184 136
184 137
184 140
184 142
184 144
184 145
184 146
184 147
184 149
184 150
184 151
184 157
184 158
184 159
184 161
184 162
184 163
184 164
184 165
184 166
184 167
184 169
184 170
184 172
184 173
184 176
184 177
184 178
184 179
184 181
184 182
185 2
185 3
185 4
185 5
185 9
185 10
185 11
185 13
185 14
185 16
185 19
185 20
185 21
185 22
185 23
185 24
185 28
185 31
185 32
185 34
185 36
185 37
185 41
185 45
185 46
185 47
185 56
185 58
185 62
185 63
185 64
185 66
185 67
185 68
185 69
185 70
185 73
185 74
185 76
185 77
185 79
185 80
185 83
185 84
185 85
185 86
185 87
185 88
185 90
185 92
185 93
185 96
185 97
185 98
185 99
185 100
185 101
185 102
185 105
185 107
185 108
185 114
185 116
185 117
185 122
185 123
185 124
185 125
185 126
185 127
185 129
185 130
185 133
185 136
185 142
185 144
185 145
185 146
185 147
185 149
185 150
185 151
185 157
185 158
185 159
185 162
185 163
185 165
185 166
185 168
185 169
185 170
186 2
186 8
186 10
186 11
186 14
186 16
186 20
186 23
186 24
186 25
186 26
186 29
186 36
186 40
186 41
186 43
186 46
186 47
186 48
186 62
186 66
186 74
186 75
186 76
186 80
186 87
186 96
186 97
186 100
186 102
186 103
186 111
186 112
186 114
186 120
186 133
186 136
186 142
186 143
186 144
186 147
186 155
186 156
186 158
186 159
186 162
186 165
186 170
186 184
186 185
187 2
187 6
187 7
187 8
187 21
187 27
187 39
187 42
187 43
187 46
187 47
187 48
187 49
187 50
187 56
187 57
187 58
187 64
187 67
187 85
187 115
187 118
187 121
187 124
187 137
187 164
187 170
187 175
187 179
187 182
188 0
188 1
188 2
188 6
188 8
188 10
188 11
188 13
188 15
188 17
188 18
188 19
188 22
188 24
188 28
188 30
188 31
188 33
188 36
188 37
188 38
188 39
188 40
188 42
188 43
188 44
188 45
188 46
188 48
188 49
188 50
188 51
188 52
188 54
188 55
188 56
188 62
188 64
188 65
188 66
188 67
188 68
188 69
188 71
188 72
188 77
188 79
188 82
188 84
188 85
188 91
188 93
188 94
188 95
188 98
188 99
188 101
188 103
188 104
188 105
188 109
188 110
188 111
188 113
188 115
188 116
188 117
188 119
188 120
188 121
188 123
188 124
188 125
188 126
188 128
188 129
188 133
188 134
188 135
188 136
188 138
188 139
188 140
188 143
188 148
188 152
188 153
188 156
188 157
188 168
188 170
188 171
188 172
188 176
188 177
188 178
188 179
188 180
188 181
188 182
188 183
188 184
189 0
189 3
189 6
189 7
189 8
189 9
189 15
189 16
189 18
189 19
189 21
189 22
189 23
189 27
189 28
189 29
189 30
189 32
189 33
189 34
189 35
189 38
189 39
189 44
189 45
189 46
189 48
189 49
189 52
189 53
189 54
189 56
189 57
189 58
189 59
189 60
189 63
189 64
189 66
189 67
189 68
189 69
189 70
189 71
189 72
189 75
189 76
189 78
189 81
189 82
189 83
189 86
189 88
189 89
189 90
189 94
189 95
189 97
189 98
189 99
189 104
189 105
189 107
189 108
189 110
189 111
189 112
189 113
189 115
189 116
189 118
189 119
189 120
189 121
189 122
189 124
189 128
189 129
189 131
189 132
189 134
189 135
189 138
189 139
189 141
189 143
189 145
189 147
189 151
189 152
189 154
189 155
189 158
189 160
189 161
189 163
189 165
189 166
189 167
189 169
189 170
189 171
189 173
189 174
189 175
189 176
189 178
189 179
189 181
189 182
189 183
189 187
189 188
190 0
190 3
190 6
190 7
190 8
190 12
190 19
190 21
190 22
190 23
190 24
190 25
190 26
190 27
190 28
190 30
190 33
190 34
190 37
190 38
190 39
190 43
190 45
190 46
190 47
190 48
190 49
190 50
190 53
190 54
190 57
190 58
190 59
190 60
190 62
190 64
190 66
190 68
190 74
190 76
190 79
190 81
190 86
190 87
190 88
190 97
190 100
190 101
190 102
190 104
190 105
190 106
190 109
190 112
190 113
190 114
190 115
190 119
190 121
190 123
190 128
190 133
190 134
190 137
190 144
190 149
190 158
190 161
190 163
190 167
190 168
190 172
190 176
190 178
190 179
190 181
190 182
190 185
190 187
190 189
191 1
191 5
191 6
191 10
191 11
191 12
191 13
191 16
191 20
191 22
191 23
191 28
191 30
191 31
191 32
191 33
191 34
191 36
191 37
191 38
191 39
191 41
191 42
191 43
191 44
191 48
191 50
191 51
191 57
191 60
191 62
191 63
191 66
191 68
191 71
191 72
191 73
191 74
191 76
191 78
191 79
191 82
191 83
191 86
191 87
191 89
191 91
191 96
191 97
191 98
191 99
191 100
191 101
191 102
191 103
191 104
191 105
191 106
191 107
191 108
191 110
191 112
191 115
191 116
191 119
191 120
191 122
191 123
191 124
191 127
191 128
191 129
191 130
191 132
191 133
191 135
191 137
191 138
191 139
191 141
191 144
191 145
191 146
191 147
191 148
191 149
191 151
191 152
191 153
191 154
191 156
191 157
191 158
191 159
191 160
191 161
191 162
191 164
191 165
191 166
191 167
191 168
191 169
191 170
191 171
191 174
191 176
191 177
191 178
191 179
191 181
191 182
191 183
191 186
191 187
191 190
192 0
192 1
192 4
192 11
192 12
192 15
192 19
192 20
192 22
192 24
192 25
192 26
192 28
192 29
192 32
192 33
192 37
192 39
192 42
192 43
192 45
192 49
192 51
192 53
192 57
192 58
192 63
192 64
192 65
192 69
192 70
192 71
192 73
192 74
192 75
192 76
192 78
192 79
192 81
192 83
192 86
192 87
192 91
192 92
192 94
192 95
192 97
192 100
192 101
192 102
192 105
192 106
192 108
192 112
192 113
192 115
192 116
192 123
192 124
192 127
192 130
192 131
192 133
192 136
192 137
192 142
192 143
192 145
192 148
192 150
192 151
192 156
192 157
192 158
192 161
192 163
192 164
192 165
192 167
192 169
192 170
192 172
192 174
192 176
192 177
192 178
192 179
192 180
192 181
192 182
192 184
192 186
192 188
193 0
193 2
193 3
193 5
193 6
193 7
193 8
193 14
193 16
193 21
193 22
193 23
193 24
193 26
193 27
193 30
193 33
193 34
193 37
193 39
193 40
193 41
193 43
193 45
193 46
193 47
193 48
193 49
193 50
193 53
193 57
193 58
193 62
193 68
193 74
193 76
193 78
193 79
193 80
193 81
193 86
193 87
193 88
193 90
193 91
193 92
193 96
193 97
193 100
193 102
193 105
193 110
193 111
193 112
193 113
193 114
193 115
193 121
193 127
193 128
193 130
193 136
193 144
193 146
193 147
193 149
193 150
193 159
193 162
193 163
193 164
193 165
193 168
193 170
193 178
193 179
193 181
193 182
193 184
193 185
193 186
193 190
193 192
194 0
194 3
194 5
194 11
194 12
194 14
194 15
194 21
194 22
194 23
194 24
194 27
194 28
194 31
194 33
194 34
194 36
194 37
194 38
194 39
194 41
194 46
194 49
194 51
194 53
194 54
194 55
194 58
194 59
194 60
194 61
194 65
194 66
194 68
194 69
194 70
194 71
194 72
194 74
194 75
194 76
194 78
194 79
194 81
194 82
194 86
194 87
194 88
194 89
194 90
194 92
194 93
194 96
194 97
194 98
194 99
194 100
194 101
194 102
194 103
194 104
194 105
194 106
194 107
194 108
194 112
194 113
194 115
194 116
194 119
194 120
194 127
194 128
194 130
194 131
194 132
194 133
194 134
194 135
194 136
194 137
194 138
194 139
194 140
194 142
194 145
194 146
194 147
194 148
194 149
194 150
194 152
194 153
194 154
194 158
194 160
194 161
194 162
194 163
194 164
194 165
194 168
194 170
194 171
194 176
194 181
194 183
194 184
194 185
194 186
194 188
194 189
194 190
194 191
194 192
194 193
195 9
195 36
195 77
195 84
195 85
195 109
195 113
195 118
195 119
195 124
195 126
195 141
195 155
195 168
195 174
195 180
195 190
195 193
196 1
196 2
196 5
196 10
196 11
196 12
196 13
196 14
196 17
196 18
196 28
196 29
196 35
196 36
196 37
196 38
196 41
196 42
196 52
196 59
196 60
196 61
196 62
196 64
196 65
196 66
196 71
196 72
196 74
196 75
196 89
196 90
196 91
196 94
196 95
196 98
196 104
196 106
196 110
196 112
196 116
196 120
196 123
196 127
196 129
196 130
196 134
196 135
196 142
196 143
196 144
196 145
196 150
196 151
196 156
196 158
196 161
196 165
196 170
196 171
196 177
196 180
196 181
196 186
197 0
197 1
197 2
197 3
197 4
197 5
197 6
197 7
197 8
197 12
197 13
197 14
197 15
197 16
197 17
197 18
197 19
197 22
197 23
197 24
197 26
197 27
197 29
197 30
197 33
197 34
197 35
197 38
197 39
197 40
197 42
197 44
197 45
197 46
197 47
197 48
197 49
197 50
197 52
197 53
197 54
197 55
197 57
197 58
197 59
197 60
197 61
197 62
197 63
197 64
197 66
197 67
197 68
197 69
197 71
197 76
197 77
197 79
197 81
197 86
197 90
197 91
197 92
197 93
197 94
197 95
197 98
197 100
197 102
197 104
197 105
197 107
197 112
197 113
197 114
197 115
197 116
197 117
197 118
197 119
197 121
197 124
197 128
197 129
197 130
197 133
197 134
197 135
197 136
197 137
197 138
197 139
197 141
197 142
197 143
197 144
197 146
197 150
197 151
197 152
197 154
197 155
197 156
197 157
197 159
197 160
197 161
197 163
197 164
197 165
197 166
197 167
197 168
197 169
197 170
197 171
197 173
197 174
197 175
197 176
197 177
197 178
197 179
197 180
197 181
197 182
197 183
197 184
197 185
197 186
197 187
197 189
197 190
197 191
197 192
197 193
197 194
197 195
198 0
198 3
198 5
198 6
198 8
198 9
198 21
198 22
198 24
198 25
198 26
198 27
198 33
198 34
198 40
198 43
198 47
198 56
198 57
198 58
198 64
198 66
198 67
198 68
198 69
198 71
198 76
198 77
198 81
198 85
198 86
198 89
198 90
198 101
198 102
198 103
198 109
198 113
198 117
198 118
198 120
198 125
198 126
198 133
198 134
198 136
198 138
198 140
198 150
198 152
198 161
198 167
198 170
198 172
198 178
198 179
198 182
198 184
198 185
198 188
198 190
198 192
198 194
198 195
199 0
199 6
199 7
199 15
199 21
199 22
199 27
199 30
199 33
199 35
199 36
199 45
199 46
199 48
199 49
199 54
199 56
199 57
199 58
199 64
199 66
199 67
199 68
199 69
199 82
199 84
199 86
199 88
199 89
199 90
199 92
199 94
199 95
199 99
199 101
199 103
199 108
199 109
199 118
199 119
199 120
199 121
199 124
199 126
199 128
199 131
199 132
199 134
199 138
199 139
199 141
199 152
199 153
199 166
199 167
199 168
199 171
199 172
199 173
199 174
199 175
199 177
199 178
199 179
199 181
199 182
199 183
199 186
199 187
199 188
199 190
199 191
199 195
199 196
199 198
200 0
200 1
200 2
200 5
200 6
200 7
200 8
200 12
200 13
200 15
200 16
200 17
200 18
200 19
200 21
200 22
200 23
200 27
200 28
200 29
200 30
200 32
200 33
200 34
200 35
200 37
200 38
200 39
200 41
200 42
200 45
200 50
200 51
200 52
200 54
200 57
200 58
200 59
200 60
200 61
200 63
200 64
200 65
200 66
200 68
200 70
200 71
200 72
200 73
200 74
200 75
200 76
200 77
200 80
200 81
200 85
200 86
200 88
200 89
200 90
200 91
200 93
200 94
200 95
200 96
200 97
200 104
200 105
200 106
200 107
200 108
200 109
200 110
200 111
200 112
200 113
200 114
200 115
200 119
200 122
200 123
200 124
200 127
200 128
200 131
200 132
200 134
200 137
200 143
200 144
200 146
200 147
200 148
200 149
200 151
200 154
200 155
200 156
200 157
200 158
200 159
200 160
200 161
200 163
200 164
200 166
200 167
200 168
200 169
200 170
200 171
200 172
200 176
200 177
200 178
200 179
200 181
200 189
200 190
200 194
200 196
200 197
200 199
201 0
201 1
201 2
201 4
201 6
201 7
201 8
201 10
201 11
201 12
201 13
201 14
201 15
201 19
201 20
201 21
201 22
201 23
201 24
201 25
201 26
201 27
201 29
201 30
201 31
201 32
201 33
201 34
201 35
201 36
201 40
201 41
201 43
201 44
201 45
201 46
201 47
201 48
201 49
201 50
201 52
201 53
201 54
201 57
201 58
201 62
201 63
201 64
201 66
201 70
201 71
201 72
201 73
201 75
201 76
201 78
201 79
201 80
201 82
201 83
201 86
201 88
201 89
201 90
201 93
201 94
201 95
201 96
201 97
201 98
201 103
201 105
201 106
201 107
201 108
201 109
201 110
201 111
201 112
201 115
201 116
201 117
201 119
201 120
201 121
201 122
201 123
201 124
201 127
201 128
201 129
201 130
201 131
201 132
201 133
201 134
201 136
201 142
201 143
201 144
201 145
201 146
201 147
201 150
201 151
201 152
201 153
201 155
201 156
201 157
201 158
201 160
201 161
201 163
201 164
201 165
201 166
201 167
201 168
201 169
201 170
201 171
201 172
201 173
201 176
201 177
201 178
201 179
201 180
201 181
201 182
201 184
201 185
201 187
201 189
201 190
201 191
201 193
201 196
201 199
201 200
202 0
202 1
202 2
202 3
202 4
202 13
202 15
202 17
202 18
202 19
202 20
202 24
202 25
202 26
202 29
202 33
202 35
202 39
202 40
202 43
202 45
202 46
202 47
202 48
202 49
202 50
202 55
202 61
202 62
202 67
202 70
202 71
202 72
202 73
202 75
202 76
202 78
202 79
202 88
202 89
202 90
202 91
202 93
202 95
202 98
202 101
202 102
202 104
202 107
202 110
202 111
202 112
202 113
202 117
202 121
202 124
202 125
202 128
202 129
202 133
202 134
202 136
202 142
202 143
202 147
202 155
202 156
202 157
202 158
202 160
202 161
202 162
202 172
202 177
202 180
202 184
202 185
202 189
202 192
202 193
202 197
202 198
202 200
202 201
203 0
203 1
203 2
203 3
203 4
203 5
203 8
203 10
203 11
203 12
203 13
203 14
203 15
203 16
203 17
203 20
203 23
203 24
203 25
203 26
203 28
203 29
203 30
203 31
203 33
203 34
203 35
203 37
203 39
203 40
203 41
203 43
203 45
203 46
203 47
203 48
203 49
203 50
203 55
203 60
203 61
203 62
203 66
203 70
203 71
203 72
203 73
203 74
203 75
203 76
203 78
203 79
203 80
203 81
203 83
203 86
203 87
203 88
203 89
203 90
203 92
203 93
203 94
203 95
203 96
203 97
203 98
203 100
203 102
203 105
203 106
203 107
203 108
203 109
203 110
203 111
203 112
203 113
203 115
203 117
203 121
203 123
203 124
203 127
203 128
203 129
203 130
203 131
203 132
203 133
203 134
203 136
203 137
203 142
203 143
203 144
203 146
203 147
203 148
203 150
203 151
203 155
203 156
203 157
203 158
203 159
203 160
203 161
203 162
203 163
203 164
203 165
203 166
203 167
203 171
203 172
203 173
203 176
203 177
203 180
203 183
203 184
203 185
203 186
203 189
203 190
203 191
203 192
203 193
203 194
203 196
203 197
203 200
203 201
203 202
204 2
204 4
204 13
204 15
204 20
204 25
204 26
204 40
204 46
204 47
204 66
204 70
204 71
204 72
204 76
204 78
204 79
204 86
204 90
204 93
204 98
204 102
204 108
204 117
204 121
204 133
204 136
204 148
204 150
204 155
204 156
204 157
204 159
204 161
204 167
204 184
204 189
204 194
204 200
204 201
204 202
204 203
205 0
205 5
205 9
205 27
205 31
205 32
205 36
205 37
205 38
205 40
205 41
205 42
205 50
205 51
205 54
205 55
205 56
205 61
205 63
205 64
205 65
205 66
205 71
205 72
205 73
205 74
205 75
205 76
205 77
205 81
205 82
205 83
205 84
205 85
205 88
205 89
205 91
205 96
205 97
205 98
205 103
205 104
205 106
205 107
205 109
205 113
205 114
205 116
205 118
205 119
205 120
205 124
205 126
205 127
205 130
205 131
205 132
205 133
205 134
205 135
205 138
205 139
205 141
205 142
205 144
205 145
205 147
205 149
205 150
205 152
205 153
205 154
205 158
205 159
205 160
205 161
205 163
205 164
205 166
205 167
205 168
205 169
205 171
205 172
205 173
205 174
205 175
205 186
205 187
205 191
205 194
205 195
205 198
205 201
205 202
205 204
206 1
206 4
206 5
206 6
206 8
206 9
206 11
206 12
206 13
206 14
206 15
206 20
206 28
206 29
206 30
206 32
206 35
206 36
206 37
206 38
206 39
206 41
206 42
206 44
206 50
206 51
206 52
206 54
206 55
206 56
206 57
206 60
206 61
206 62
206 63
206 64
206 65
206 66
206 67
206 69
206 70
206 71
206 72
206 73
206 74
206 75
206 77
206 82
206 83
206 84
206 85
206 88
206 89
206 90
206 93
206 94
206 95
206 98
206 99
206 101
206 103
206 104
206 106
206 107
206 108
206 109
206 110
206 111
206 116
206 118
206 119
206 120
206 122
206 123
206 125
206 126
206 127
206 129
206 131
206 132
206 134
206 135
206 137
206 138
206 139
206 140
206 141
206 144
206 145
206 149
206 150
206 151
206 152
206 153
206 154
206 158
206 159
206 160
206 161
206 163
206 165
206 166
206 167
206 168
206 169
206 170
206 171
206 172
206 173
206 174
206 175
206 176
206 178
206 179
206 181
206 182
206 183
206 186
206 187
206 188
206 189
206 191
206 193
206 194
206 195
206 197
206 198
206 199
206 200
206 202
206 203
206 204
206 205
207 5
207 9
207 28
207 32
207 34
207 37
207 39
207 50
207 56
207 63
207 64
207 65
207 69
207 74
207 77
207 115
207 118
207 119
207 123
207 124
207 125
207 126
207 140
207 141
207 144
207 149
207 150
207 151
207 159
207 164
207 168
207 169
207 170
207 172
207 174
207 175
207 178
207 179
207 182
207 188
207 191
207 195
207 197
208 0
208 3
208 5
208 7
208 8
208 9
208 10
208 11
208 12
208 13
208 14
208 15
208 16
208 19
208 21
208 29
208 31
208 33
208 35
208 36
208 37
208 39
208 40
208 41
208 42
208 43
208 44
208 48
208 49
208 50
208 64
208 65
208 66
208 67
208 72
208 73
208 74
208 75
208 76
208 77
208 81
208 82
208 85
208 86
208 87
208 88
208 89
208 90
208 91
208 93
208 94
208 98
208 99
208 102
208 103
208 105
208 106
208 107
208 108
208 109
208 111
208 113
208 115
208 116
208 119
208 120
208 121
208 123
208 124
208 126
208 128
208 130
208 131
208 132
208 135
208 136
208 137
208 138
208 139
208 144
208 146
208 147
208 149
208 151
208 152
208 153
208 154
208 159
208 160
208 161
208 164
208 165
208 166
208 168
208 170
208 171
208 172
208 173
208 176
208 177
208 180
208 181
208 182
208 183
208 186
208 187
208 191
208 193
208 194
208 195
208 197
208 198
208 206
209 7
209 8
209 15
209 29
209 31
209 34
209 36
209 42
209 46
209 51
209 54
209 55
209 56
209 64
209 65
209 66
209 69
209 70
209 76
209 77
209 82
209 85
209 87
209 88
209 92
209 94
209 97
209 99
209 101
209 102
209 103
209 104
209 106
209 107
209 108
209 109
209 118
209 121
209 124
209 125
209 126
209 128
209 130
209 131
209 132
209 133
209 136
209 137
209 138
209 139
209 140
209 141
209 146
209 148
209 152
209 153
209 158
209 160
209 164
209 168
209 171
209 172
209 174
209 175
209 176
209 178
209 179
209 181
209 182
209 187
209 188
209 190
209 191
209 195
209 196
209 199
209 206
209 208
210 0
210 4
210 6
210 7
210 12
210 16
210 17
210 18
210 19
210 27
210 28
210 30
210 37
210 39
210 48
210 49
210 50
210 52
210 53
210 54
210 55
210 57
210 58
210 68
210 86
210 93
210 96
210 104
210 105
210 121
210 123
210 128
210 137
210 139
210 141
210 146
210 158
210 163
210 164
210 166
210 167
210 173
210 176
210 178
210 179
210 181
210 182
210 189
210 190
210 194
210 195
210 196
210 197
210 199
210 206
210 208
211 0
211 2
211 3
211 4
211 6
211 7
211 8
211 9
211 13
211 14
211 18
211 20
211 21
211 22
211 23
211 24
211 27
211 29
211 30
211 32
211 33
211 35
211 36
211 41
211 43
211 44
211 45
211 46
211 47
211 48
211 49
211 53
211 54
211 55
211 57
211 58
211 62
211 63
211 64
211 66
211 70
211 72
211 73
211 74
211 75
211 76
211 77
211 79
211 81
211 82
211 83
211 86
211 89
211 92
211 94
211 95
211 99
211 100
211 101
211 102
211 103
211 105
211 106
211 108
211 110
211 111
211 112
211 113
211 116
211 117
211 119
211 120
211 121
211 122
211 126
211 127
211 128
211 131
211 132
211 134
211 135
211 136
211 138
211 139
211 142
211 143
211 145
211 146
211 150
211 151
211 152
211 153
211 154
211 157
211 158
211 162
211 163
211 165
211 166
211 167
211 168
211 169
211 170
211 171
211 174
211 176
211 177
211 178
211 179
211 180
211 181
211 182
211 183
211 186
211 188
211 190
211 191
211 192
211 193
211 198
211 199
211 200
211 204
211 206
211 208
211 209
211 210
212 0
212 1
212 2
212 4
212 5
212 6
212 7
212 8
212 9
212 13
212 14
212 16
212 17
212 18
212 19
212 20
212 21
212 23
212 24
212 26
212 27
212 30
212 31
212 33
212 34
212 35
212 40
212 41
212 43
212 45
212 46
212 47
212 48
212 49
212 52
212 53
212 56
212 57
212 58
212 59
212 62
212 63
212 64
212 66
212 67
212 68
212 70
212 71
212 72
212 73
212 74
212 75
212 76
212 77
212 78
212 79
212 80
212 81
212 82
212 84
212 85
212 86
212 87
212 88
212 89
212 90
212 91
212 92
212 93
212 94
212 95
212 96
212 97
212 101
212 102
212 103
212 104
212 105
212 109
212 110
212 113
212 114
212 115
212 117
212 118
212 119
212 120
212 121
212 123
212 124
212 125
212 126
212 127
212 128
212 129
212 130
212 131
212 133
212 134
212 136
212 137
212 140
212 141
212 142
212 143
212 144
212 145
212 146
212 147
212 150
212 155
212 156
212 157
212 158
212 159
212 161
212 163
212 168
212 169
212 170
212 172
212 173
212 174
212 175
212 176
212 177
212 178
212 179
212 180
212 181
212 182
212 183
212 184
212 185
212 186
212 189
212 190
212 191
212 193
212 194
212 195
212 198
212 199
212 200
212 201
212 202
212 203
212 204
212 205
212 207
212 208
